123.505 123.3392642 123.7063063  FFFFFFFFF
123.64 123.4095108 123.9677956  FFFFFFFFF
122.115 121.890496 122.3752371  FFFFFFFFF
122.358 122.1352329 122.5134468  FFFFFFFFF
122.61 122.4244557 122.8321183  FFFFFFFFF
121.933 121.6533087 122.0571596  FFFFFFFFF
121.858 121.5862827 122.0817865  FFFFFFFFF
121.848 121.5447923 122.1053441  FFFFFFFFF
121.883 121.6199639 121.9835824  FFFFFFFFF
121.551 121.2867493 121.7879836  FFFFFFFFF
121.806 121.5827374 122.0063936  FFFFFFFFF
122.417 122.0149619 123.1436817  FFFFFFFFF
121.278 120.9681565 121.4743303  FFFFFFFFF
121.578 121.2091272 121.7605024  FFFFFFFFF
121.67 121.3587067 121.9248609  FFFFFFFFF
121.09 120.8987144 121.2838186  FFFFFFFFF
121.543 121.3702451 121.7300271  FFFFFFFFF
121.682 121.4523058 121.9618218  FFFFFFFFF
122.038 121.9159534 122.2448468  FFFFFFFFF
121.384 121.1941342 121.5271821  FFFFFFFFF
121.11 120.9421864 121.4134468  FFFFFFFFF
121.096 120.9345573 121.3278317  FFFFFFFFF
121.294 121.1072567 121.6566563  FFFFFFFFF
