105.451 105.4463527 105.7933368 144.336 144.2649871 144.6569633
105.142 105.0004203 105.2689951 144.233 144.1981755 144.3757646
105.003 104.8739567 105.138489 143.96 143.9830657 144.1203024
104.912 104.8125558 105.0382511 143.868 143.8321611 143.9765807
104.755 95.70846254 114.2054087 143.629 135.4443012 156.9356387
104.647 104.5370706 104.8325797 143.468 143.4177915 143.6165132
104.552 104.3813052 104.7204409 143.602 143.3931229 143.7052455
104.517 95.40958542 114.706076 143.4 130.9864083 156.7664616
104.584 104.4024101 104.7082426 143.197 143.115749 143.3329533
104.35 104.1638192 104.4724119 143.012 143.0088223 143.1836717
104.427 98.93985273 114.5719209 143.026 130.2485743 156.695549
104.178 104.1407641 104.3245092 142.855 142.7202872 142.9746156
104.258 104.0616063 104.3871767 142.904 142.80968 143.0794446
104.0 104.0008065 104.0733825 142.694 142.6260842 142.7664344
