144.609 144.448946 144.8704149 124.285 123.710003 124.8893267 105.702 105.6239041 0.0
144.733 144.6680486 144.8017573 123.877 123.5129156 124.2925351 105.476 105.4068602 105.5878162
144.624 144.5650752 144.6758964 122.952 122.3893398 123.3584661 105.47 105.4013273 105.5644034
144.589 144.5238152 144.64383 122.606 122.1332702 122.950997 105.301 105.2305286 105.4130196
144.495 144.4284254 144.5442327 122.671 122.3055744 122.9067462 105.194 105.1170399 105.2986313
144.315 144.2545755 144.3651815 122.471 122.0359206 122.7374809 105.169 105.0972303 105.2444555
144.301 144.2319515 144.354899 122.458 122.0510568 122.7681055 105.221 105.0885601 105.305299
144.271 144.2207147 144.3470257 122.118 121.7277363 122.3519785 105.1 104.9617492 105.2246885
144.19 144.104775 144.258795 121.996 121.6081173 122.2922211 104.92 104.8002306 105.001965
143.983 143.9089017 144.0364013 121.956 121.6601671 122.1593937 104.87 104.7264672 104.9295902
143.971 143.9059526 144.0678145 122.009 121.559417 122.2681799 105.0 104.8642343 105.1741318
144.044 143.907138 144.1030919 122.515 121.9390208 123.1023169 104.879 104.7425169 104.9541567
143.977 143.8692716 144.0406233 121.996 121.5205827 122.2600762 104.863 104.7363472 105.0211395
143.92 143.7950528 143.9741641 121.851 121.4498624 122.3294899 104.768 104.6080414 104.8604506
143.915 143.8322953 143.9757047 121.809 121.3656468 122.1452044 104.675 104.5942811 104.8376507
143.857 143.7700189 143.9090721 121.915 121.4596136 122.1720053 104.839 104.7208166 104.9423335
143.746 143.6550492 143.8060881 121.401 121.0790739 121.8179707 104.739 104.5766082 104.9233267
143.694 143.6341796 143.764349 121.872 121.6050009 122.1155512 104.758 104.6548096 104.9001447
143.614 143.5243687 143.6581862 121.842 121.4386985 122.1621677 104.699 104.5249069 104.772321
143.612 143.5227219 143.6692612 121.706 121.2549282 121.9718528 104.773 104.6225875 104.8391231
143.607 143.5006624 143.6506971 121.577 121.0613297 121.9266936 104.555 104.477379 104.7065356
143.534 143.458247 143.6147307 121.638 121.1591232 121.936707 104.739 104.5837704 104.8261126
143.488 143.3956266 143.522218 121.605 121.1510654 121.8315834 104.492 104.3159521 104.5722307
143.436 143.3277562 143.4689451 121.593 121.1700082 121.8813262 104.468 104.3307625 104.5219949
143.55 143.4642816 143.5904229 121.777 121.5122142 122.0212691 104.586 104.4861848 104.6740285
143.342 143.2129375 143.3993182 121.95 121.4637414 122.3516418 104.342 104.0986774 104.4536281
143.266 143.2053813 143.3166036 121.455 121.161709 121.6659486 104.347 104.2503447 104.4039652
143.206 143.1201814 143.2502701 121.679 121.3429002 121.9294606 104.326 104.1984015 104.3850406
