105.533 105.4452542 105.611287  FFFFFFFFF
105.411 105.3566822 105.4850206  FFFFFFFFF
105.338 105.263908 105.37328  FFFFFFFFF
105.234 105.1712265 105.2972419  FFFFFFFFF
105.223 105.1284231 105.2571021  FFFFFFFFF
105.101 105.0077758 105.1464317  FFFFFFFFF
105.068 105.0104459 105.1303538  FFFFFFFFF
105.034 104.9508711 105.0760052  FFFFFFFFF
104.876 104.822141 104.9350454  FFFFFFFFF
104.75 104.7048787 104.844919  FFFFFFFFF
104.811 104.6966861 104.901939  FFFFFFFFF
104.819 104.6834807 104.8676901  FFFFFFFFF
104.72 104.6559183 104.8332289  FFFFFFFFF
104.695 104.6284484 104.8086007  FFFFFFFFF
104.706 104.5711797 104.7948904  FFFFFFFFF
104.751 104.6566657 104.8385239  FFFFFFFFF
104.822 104.7002786 104.924495  FFFFFFFFF
104.723 104.6584235 104.8603193  FFFFFFFFF
104.508 104.4439184 104.5883823  FFFFFFFFF
104.647 104.5553425 104.71162  FFFFFFFFF
104.537 104.4764848 104.6117512  FFFFFFFFF
104.478 104.4205247 104.5529949  FFFFFFFFF
104.39 104.2544307 104.5481779  FFFFFFFFF
