-0.40387 -0.4658419549 -0.3278842499 -0.363812 -0.4635300068 -0.3278842499 852.403 630.7809463 1438.835706
-0.149242 -0.2198112237 -0.7003527069 -0.766417 -0.8373267655 -0.7003527069 3415.46 2481.971796 4750.760135
-0.165952 -0.2583647077 -0.6220554093 -0.708376 -0.7797924011 -0.6220554093 3486.14 2321.312028 4455.169392
-0.196495 -0.2988580616 -0.5270642862 -0.605861 -0.6640930909 -0.5270642862 3156.45 2016.836349 3835.757938
-0.170155 -0.2266600964 -0.5338959018 -0.573269 -0.620675133 -0.5338959018 3483.02 2784.553182 4572.537216
-0.191028 -0.2730752738 -0.5867217672 -0.660894 -0.7023389583 -0.5867217672 3394.46 2381.498484 4262.076116
-0.323914 -0.3737430565 -0.5265553573 -0.548133 -0.6483193641 -0.5265553573 1448.78 1130.266485 2393.42829
-0.340914 -0.4295002277 -0.4647046422 -0.518521 -0.5952433588 -0.4647046422 1252.98 860.7371966 1865.225761
-0.223215 -0.300530943 -0.515569415 -0.587742 -0.6540099666 -0.515569415 2081.68 1407.753078 2853.183539
-0.206913 -0.2723881966 -0.4787008648 -0.537944 -0.5992056028 -0.4787008648 3033.67 2182.655684 4060.501965
0.0364708 -0.0251701747 -0.0805860824 -0.145735 -0.2153374497 -0.0805860824 10536.1 7876.409371 15065.2037
-0.130743 -0.2113474213 -0.4534192004 -0.526276 -0.5694368713 -0.4534192004 3892.36 2677.237465 4884.197129
-0.0439336 -0.1278746247 -0.1930060523 -0.262234 -0.3127780293 -0.1930060523 8888.38 5907.851419 10949.33156
-0.0595204 -0.1202131571 -0.1931744616 -0.23369 -0.2705250212 -0.1931744616 7290.05 5681.838118 9087.045278
-0.148492 -0.2095887239 -0.2430081717 -0.297855 -0.3593320878 -0.2430081717 4650.29 3414.946678 6450.975819
-0.0645794 -0.1130894211 -0.3892937905 -0.422758 -0.4957874696 -0.3892937905 6264.77 4985.952627 9161.271865
-0.00466281 -0.07335912011 -0.3269494939 -0.377322 -0.4451259139 -0.3269494939 8382.16 6185.795408 12104.52202
-0.065319 -0.1327278457 -0.4601778743 -0.508758 -0.5744596717 -0.4601778743 6322.76 4591.489373 8804.231121
-0.204436 -0.2167385454 -0.3901240546 -0.429476 -0.4643514954 -0.3901240546 3885.14 3709.824233 4023.440034
-0.0555892 -0.1169238533 -0.5626986349 -0.605891 -0.6473776674 -0.5626986349 6105.21 4602.412494 8120.938742
-0.113556 -0.1400744536 -0.1739287537 -0.213954 -0.2479743652 -0.1739287537 6331.23 6114.365481 6491.733054
-0.104915 -0.1843803983 -0.2231505755 -0.284601 -0.3279311042 -0.2231505755 8041.4 5893.603979 9502.221833
-0.191756 -0.247796591 -0.4310591496 -0.469281 -0.5064760157 -0.4310591496 4025.42 3190.788051 5318.246308
-0.23132 -0.2761764344 -0.430343706 -0.467849 -0.5201611 -0.430343706 3344.08 2623.716633 4598.256212
-0.0879452 -0.1682198027 -0.5647032294 -0.627919 -0.6662465644 -0.5647032294 6025.16 4317.475475 7339.429734
-0.412214 -0.4406594157 -0.3416832915 -0.363896 -0.3859257944 -0.3416832915 3896.13 3346.949357 4478.427267
-0.273024 -0.3559584289 -0.5352898373 -0.596847 -0.6221471573 -0.5352898373 3072.83 2074.228694 3900.016124
-0.264385 -0.3104367425 -0.5079893301 -0.542451 -0.5730930673 -0.5079893301 3891.37 3098.601157 4836.192712
