105.599 105.3549735 105.8589924 144.791 144.5588536 144.947219
105.772 105.6894652 105.9205071 144.879 144.6165679 144.9330996
105.546 105.41412 105.6564526 144.589 144.497239 144.7302274
105.185 105.0075629 105.4534907 144.543 144.372248 144.6955616
105.37 105.2820983 105.5987908 144.389 144.1337839 144.4728882
105.296 96.57704468 115.1404367 144.403 131.4316162 158.244564
105.092 95.99455667 114.7488494 144.101 129.8217776 154.390515
104.907 104.6971311 105.1938731 144.131 143.9360008 144.2643732
105.205 95.36026731 113.8095322 143.944 132.674625 158.3138154
105.209 104.9814702 105.3621794 143.915 143.8005938 144.0945179
104.732 96.22141846 114.0547114 143.867 130.7251031 155.5014083
104.671 104.4212794 104.7625123 143.845 143.749053 143.9617507
104.693 104.5817555 105.1667955 143.653 143.6254443 143.7390644
104.86 104.6905183 105.0458245 143.533 143.3732459 143.6404586
