105.857 105.6169613 105.9948414 144.867 144.4323631 144.9933926
105.868 105.7577671 105.9797744 144.672 144.5474371 144.9312162
105.657 105.4221008 105.8303738 144.686 144.6078576 144.8920534
105.224 104.9620314 105.7170865 144.592 144.4834964 144.8905307
105.583 104.9550924 105.824556 144.38 144.1905198 144.6697661
105.331 105.3311004 105.3311005 144.367 144.3674773 144.3674783
105.25 105.2495329 105.2495329 144.206 144.2057459 144.2057459
105.418 105.4104099 105.7612975 144.018 143.7849532 144.3178763
105.334 105.1494606 105.5054142 144.181 144.0862522 144.4179437
105.024 104.7439246 105.2241916 144.088 143.8626909 144.3773357
105.142 105.1422189 105.1422189 143.83 143.8300191 143.8300191
105.027 104.8845489 105.3165894 143.781 143.593788 144.073822
105.051 104.8587254 105.2556739 143.936 143.7420827 144.1367468
104.987 104.9843746 105.0805408 143.645 143.5734252 143.8434886
