144.579 144.3996245 144.7379278 123.236 122.2042264 0.0 105.303 105.2923751 105.5276846
144.524 144.4863217 144.5666758 123.204 122.8448957 123.4328149 105.339 105.2961402 105.4142121
144.371 144.3369125 144.4025358 123.138 122.843128 123.4485353 105.248 105.2038248 105.2968855
144.326 144.2983405 144.369701 122.677 122.2446319 122.8938122 105.159 105.1169176 105.2115208
144.294 144.2348889 144.3198044 122.436 122.0739346 122.6748108 105.104 105.0564551 105.1509396
144.166 144.149877 144.2194266 122.661 122.3305908 122.9401144 105.035 105.0005656 105.1002216
144.124 144.0928482 144.1735297 121.543 121.3997936 121.6566601 104.945 104.8943371 105.02899
144.052 144.0239113 144.1089057 121.416 121.0642891 121.7695739 104.918 104.8611266 105.0125128
144.029 143.938056 144.0438667 122.133 121.7831526 122.3292984 104.977 104.897116 105.0375151
143.986 143.9248352 144.0291796 121.981 121.527011 122.228406 104.923 104.8264592 104.9873448
143.939 143.8963169 143.9870991 121.816 121.4611875 122.0516068 104.925 104.8434389 105.0130814
143.91 143.8490198 143.9530393 122.151 121.583576 122.4594376 104.807 104.7117322 104.8914293
143.848 143.7397574 143.8707882 121.489 121.2659711 121.5562539 104.683 104.5717443 104.8337783
143.838 143.7925555 143.8982456 121.839 121.4360983 122.1231675 104.837 104.6986856 104.8855094
143.824 143.773844 143.8777549 121.804 121.2941314 122.0414647 104.742 104.6693147 104.8350153
143.783 143.7360129 143.8359657 121.708 121.4219735 122.0214457 104.8 104.672232 104.8790653
143.719 143.6598237 143.7549936 121.621 121.2823179 121.8658412 104.635 104.549479 104.7144788
143.694 143.6198301 143.724269 121.637 121.2183808 121.8649072 104.624 104.5646441 104.724778
143.622 143.5734043 143.6793166 121.763 121.352583 121.9551588 104.594 104.4966166 104.6618801
143.619 143.5535866 143.6661954 122.223 121.782581 122.4282916 104.66 104.6091157 104.733064
143.596 143.5636429 143.6608045 121.499 121.0645026 121.7189261 104.64 104.5605391 104.717129
143.524 143.4575445 143.5804997 121.605 121.0229459 122.0517798 104.62 104.4653154 104.6795232
143.452 143.4152462 143.4987129 121.599 121.3725512 121.7831269 104.548 104.4927766 104.6149286
143.436 143.3851096 143.4869479 121.942 121.5060235 122.203736 104.601 104.4715478 104.655882
143.504 143.4416659 143.5266674 121.921 121.5750324 122.1962068 104.567 104.5119379 104.6193402
143.398 143.3680614 143.4974626 121.725 121.5422105 122.0273686 104.436 104.2520802 104.5030216
143.345 143.3108376 143.3886181 121.268 121.0358793 121.4703875 104.421 104.3792935 104.5122745
143.277 143.2443342 143.337347 121.349 121.0733636 121.5761186 104.397 104.3277738 104.4533095
