105.373 105.3515058 105.4011035 144.559 144.3868121 144.5855522
105.295 105.170117 105.3430077 144.29 144.2623529 144.3652213
105.139 105.0256166 105.2550838 144.071 144.0553797 144.2344177
105.103 104.995879 105.2163667 143.914 143.9136535 144.072414
104.888 104.8726446 104.9034694 143.782 143.7288039 143.8982783
104.778 104.5842501 104.8375679 143.637 143.5962101 143.7994943
104.869 104.8322405 104.9642468 143.68 143.6115887 143.9434348
104.655 95.56674003 113.2680632 143.486 129.2386752 156.7385974
104.671 104.5021279 104.834081 143.579 143.508041 143.6652916
104.788 104.6833689 104.8960179 143.414 143.3634609 143.5311301
104.497 104.3556971 104.5751329 143.408 143.2980217 143.500964
104.421 104.3496679 104.5269641 143.249 143.1533096 143.3496886
104.506 104.4790849 104.6187335 143.26 143.2359722 143.4107802
104.309 104.2190648 104.3783625 143.174 143.0656133 143.2525141
