-0.395442 -0.470388208 -0.3061962871 -0.388752 -0.4377557702 -0.3061962871 870.699 612.5268325 1302.198791
-0.125439 -0.203791666 -0.716440603 -0.794881 -0.8647164245 -0.716440603 3730.92 2566.390013 5076.215197
-0.173568 -0.2421725725 -0.6518461479 -0.722611 -0.7917694525 -0.6518461479 3276.49 2375.414988 4458.596036
-0.241797 -0.2875544707 -0.5496726445 -0.601342 -0.6927674326 -0.5496726445 2480.67 2019.719555 3556.575028
-0.152574 -0.211556165 -0.5769045411 -0.618404 -0.6638022012 -0.5769045411 3682.03 2893.775217 4773.168603
-0.168978 -0.2635473099 -0.6091367164 -0.693341 -0.7545050112 -0.6091367164 3673.88 2369.528977 4490.150527
-0.259001 -0.3676696122 -0.5331981445 -0.632137 -0.6879256041 -0.5331981445 1916.07 1137.282875 2403.96877
-0.305518 -0.3984269985 -0.4848354038 -0.568566 -0.6363057635 -0.4848354038 1444.59 945.7884055 2094.372189
-0.204007 -0.2852894513 -0.547840513 -0.631102 -0.6974491023 -0.547840513 2221.3 1509.647048 2878.48337
-0.19018 -0.2593536578 -0.5249923659 -0.581985 -0.6114767579 -0.5249923659 3197.42 2305.533121 4153.134689
0.0667939 -0.002943075873 -0.1096417161 -0.175438 -0.2302528609 -0.1096417161 11874.5 8515.599591 16512.38379
-0.139973 -0.2332170254 -0.4429402704 -0.537876 -0.5998035954 -0.4429402704 3629.77 2316.965833 4805.373961
-0.0683127 -0.1172537024 -0.2106002688 -0.265423 -0.3297069113 -0.2106002688 7731.99 6097.867887 10884.6337
-0.0669825 -0.105063746 -0.1919145219 -0.240254 -0.3124578026 -0.1919145219 6872.16 5700.083252 9850.650785
-0.128531 -0.1906290792 -0.2755858913 -0.334445 -0.3964695569 -0.2755858913 4990.57 3728.338321 6642.004081
-0.0355068 -0.09190483601 -0.3847218249 -0.447729 -0.5151534234 -0.3847218249 7023.02 5345.830683 9857.712839
0.00694038 -0.0523012803 -0.3338293864 -0.392858 -0.4635502821 -0.3338293864 8665.13 6539.152653 12614.91695
-0.0602344 -0.1267495753 -0.4649296332 -0.527266 -0.5917232443 -0.4649296332 6328.65 4615.439757 8811.614604
-0.181045 -0.263680881 -0.415964492 -0.455525 -0.4914878948 -0.415964492 4235.83 2833.570833 4774.399832
-0.0420094 -0.1052776369 -0.553313263 -0.618627 -0.6693699053 -0.553313263 6354.63 4779.300521 8911.499632
-0.0997285 -0.1561620609 -0.2050725026 -0.234774 -0.268642209 -0.2050725026 6601.79 5824.740322 7952.801979
-0.11039 -0.1666069802 -0.2321860732 -0.293688 -0.338916932 -0.2321860732 7635.23 5843.742811 9447.853427
-0.172679 -0.2525823382 -0.4293740487 -0.493011 -0.5450953516 -0.4293740487 4299.11 2918.758933 5504.99392
-0.214448 -0.2781061881 -0.4393969821 -0.502455 -0.5497656586 -0.4393969821 3530.65 2602.018674 4574.157362
-0.0680995 -0.1669997168 -0.5619980835 -0.642448 -0.6996384553 -0.5619980835 6467.05 4299.328991 7783.909267
-0.423715 -0.452983657 -0.370305499 -0.38854 -0.4109541744 -0.370305499 3587.3 3092.143179 4111.222952
-0.261023 -0.3556746067 -0.5611875555 -0.634588 -0.6884876021 -0.5611875555 3168.68 2098.314809 3901.062848
-0.248061 -0.3211390909 -0.5029696736 -0.571997 -0.6054094171 -0.5029696736 4094.86 2879.863614 4920.66111
