144.662 144.6313697 144.7854278  FFFFFFFFF
144.597 144.5501783 144.6480205  FFFFFFFFF
144.513 144.481977 144.5644116  FFFFFFFFF
144.452 144.3958576 144.4826818  FFFFFFFFF
144.362 144.3060469 144.38229  FFFFFFFFF
144.157 144.1250901 144.2098846  FFFFFFFFF
144.217 144.1312356 144.2153438  FFFFFFFFF
144.104 144.0405872 144.1354646  FFFFFFFFF
144.092 144.0481897 144.1388635  FFFFFFFFF
143.905 143.845129 143.9363402  FFFFFFFFF
143.879 143.8071841 143.9282003  FFFFFFFFF
143.837 143.77464 143.881452  FFFFFFFFF
143.835 143.7931897 143.9151288  FFFFFFFFF
143.735 143.6612207 143.7795247  FFFFFFFFF
143.808 143.7327359 143.846515  FFFFFFFFF
143.675 143.5944388 143.7004925  FFFFFFFFF
143.654 143.5849999 143.7194539  FFFFFFFFF
143.606 143.5368401 143.6431376  FFFFFFFFF
143.45 143.4051799 143.4940916  FFFFFFFFF
143.447 143.3854806 143.4763714  FFFFFFFFF
143.449 143.375608 143.4758769  FFFFFFFFF
143.424 143.3608016 143.455729  FFFFFFFFF
143.342 143.281203 143.3796552  FFFFFFFFF
