144.768 144.6953599 144.844306  FFFFFFFFF

144.678 144.6112042 144.7112233  FFFFFFFFF
144.598 144.5559701 144.6314665  FFFFFFFFF
144.531 144.4721854 144.5568766  FFFFFFFFF
144.425 144.3751709 144.4554675  FFFFFFFFF
144.224 144.185997 144.2710534  FFFFFFFFF
144.255 144.198873 144.2700861  FFFFFFFFF
144.15 144.1072414 144.1937862  FFFFFFFFF
144.174 144.1136395 144.2037183  FFFFFFFFF
143.99 143.9071427 144.0088966  FFFFFFFFF
143.952 143.8559366 143.9937777  FFFFFFFFF
143.909 143.8375233 143.9485453  FFFFFFFFF
143.934 143.8579293 143.9733749  FFFFFFFFF
143.811 143.7264149 143.8462325  FFFFFFFFF
143.884 143.7913365 143.9170091  FFFFFFFFF
143.715 143.6507215 143.7539291  FFFFFFFFF
143.733 143.6543857 143.7827564  FFFFFFFFF
143.683 143.5933285 143.7088946  FFFFFFFFF
143.52 143.4731516 143.5599677  FFFFFFFFF
143.516 143.456502 143.5456031  FFFFFFFFF
143.512 143.4487618 143.5387669  FFFFFFFFF
143.476 143.4267988 143.5143912  FFFFFFFFF
143.402 143.3372258 143.440874  FFFFFFFFF
