144.627 144.4182035 144.8152008 124.277 123.6727925 124.8983902 105.739 105.6762683 0.0
144.726 144.6549312 144.7899074 123.898 123.5029238 124.2808652 105.492 105.4087128 105.5897612
144.617 144.5500136 144.6813571 123.048 122.4091496 123.5572339 105.47 105.3879499 105.557118
144.571 144.5022099 144.6307664 122.738 122.1823959 123.0302971 105.308 105.2322169 105.40488
144.488 144.425633 144.5432927 122.747 122.345757 122.976254 105.2 105.1199549 105.2948153
144.306 144.2307967 144.3500556 122.475 122.0759243 122.6985537 105.156 105.0714018 105.2195708
144.274 144.2035381 144.3329757 122.403 122.0555676 122.7834949 105.233 105.0962298 105.3023927
144.272 144.2086807 144.3383013 122.171 121.7297224 122.3923976 105.133 104.9860796 105.257288
144.171 144.0965308 144.248954 122.041 121.643715 122.3529493 104.951 104.8121022 105.0256323
143.991 143.908531 144.0417436 121.936 121.6316996 122.1428649 104.875 104.7102941 104.9313173
143.962 143.8933602 144.0392163 122.029 121.5507303 122.3188004 105.019 104.8712929 105.1860069
144.014 143.8945251 144.0844557 122.729 122.2247325 123.2674709 104.871 104.7234121 104.940749
143.97 143.8473639 144.0394932 122.139 121.5860543 122.4592035 104.849 104.7120341 105.0063809
143.89 143.7738424 143.9477203 122.0 121.5519502 122.4775837 104.756 104.5781681 104.8466528
143.93 143.817097 143.9791296 121.815 121.3636297 122.1634328 104.667 104.580171 104.8327015
143.84 143.7469935 143.8915535 121.952 121.4900577 122.2318679 104.839 104.7183209 104.9411677
143.745 143.6387986 143.8019003 121.388 121.0692656 121.6801713 104.767 104.5942715 104.9491958
143.687 143.6232115 143.7540615 121.913 121.6236151 122.1603552 104.796 104.6799624 104.9244378
143.599 143.5168913 143.6384664 121.83 121.406546 122.1765327 104.631 104.5489631 104.7697147
143.604 143.5137312 143.6526323 121.796 121.3167413 122.0943594 104.754 104.6091742 104.8252627
143.57 143.503283 143.6417173 121.676 121.1118457 122.0585769 104.577 104.49821 104.720392
143.536 143.4528154 143.6047191 121.701 121.2195427 122.0256502 104.735 104.5651794 104.8132729
143.457 143.3787206 143.4994402 121.634 121.1591763 121.8902799 104.537 104.3507594 104.6120567
143.423 143.3151591 143.4627453 121.62 121.2226533 121.9376091 104.457 104.3116201 104.508569
143.538 143.4510571 143.5838557 121.842 121.562891 122.0769291 104.594 104.4779283 104.6705703
143.321 143.1921301 143.3785818 122.001 121.4837032 122.4475407 104.33 104.0762696 104.4379364
143.281 143.18848 143.3134192 121.548 121.2940151 121.7688906 104.368 104.2553288 104.4535354
143.18 143.1090443 143.2291084 121.712 121.4248546 121.9705002 104.359 104.1971552 104.4080444
