-0.467187 -0.5308912555 -0.3946291237 -0.467768 -0.5219389356 -0.3946291237 621.933 503.6939072 775.3265117
-0.126485 -0.1830759495 -0.891218158 -0.934715 -0.9780558357 -0.891218158 3860.28 3289.25813 4423.531726
-0.230699 -0.2383547207 -0.7740154002 -0.816051 -0.8573977099 -0.7740154002 2607.11 2602.868385 2611.568115
-0.203034 -0.2531881541 -0.7445224773 -0.786761 -0.8273836714 -0.7445224773 3010.37 2533.811126 3563.619318
-0.187948 -0.1975219723 -0.7226948699 -0.764445 -0.8072972913 -0.7226948699 3188.53 3145.880585 3343.34697
-0.169969 -0.1768107508 -0.788987382 -0.827909 -0.8691769807 -0.788987382 3759.75 3482.903544 3825.491856
-0.316655 -0.3241137491 -0.6019721927 -0.646926 -0.6921425753 -0.6019721927 1510.83 1282.675285 1524.150449
-0.336178 -0.4080910222 -0.6186382087 -0.691491 -0.7593451701 -0.6186382087 1288.98 912.1363001 1811.37178
-0.209388 -0.2220320397 -0.6878119819 -0.738278 -0.7833583351 -0.6878119819 2204.7 1759.929783 2394.202694
-0.242003 -0.3338079346 -0.5647653087 -0.636073 -0.693831962 -0.5647653087 2566.83 1703.451079 3200.568519
0.037016 -0.003487873769 -0.2187058457 -0.258655 -0.2988082154 -0.2187058457 10819.4 10020.41687 12398.422
-0.189772 -0.2173029763 -0.5665099584 -0.610212 -0.6541206832 -0.5665099584 2944.51 2803.377367 2972.897288
-0.202542 -0.2135509677 -0.2559909563 -0.29176 -0.3281503819 -0.2559909563 4111.93 4048.245726 4118.000693
-0.0585378 -0.1161070095 -0.3337092654 -0.39353 -0.4416424762 -0.3337092654 7207.36 5506.070517 8912.062982
-0.1444 -0.2087551507 -0.4413190136 -0.505938 -0.5364828039 -0.4413190136 4704.7 3476.242969 6108.465043
-0.103505 -0.1420258361 -0.6098594255 -0.651597 -0.6918973905 -0.6098594255 5116.06 4663.889722 6000.38322
-0.112282 -0.1693674313 -0.4351437279 -0.473173 -0.529009452 -0.4351437279 4913.79 3716.692378 6457.784484
-0.0765027 -0.1365258598 -0.5264068515 -0.583622 -0.6329628048 -0.5264068515 5997.9 4236.491823 7839.580575
-0.231243 -0.292702857 -0.4347491445 -0.494983 -0.5242988489 -0.4347491445 3405.86 2559.835119 4314.385102
-0.134089 -0.2008262282 -0.6384838394 -0.672454 -0.7150509561 -0.6384838394 4130.77 3108.366806 4856.017598
-0.185129 -0.2012784544 -0.3036359712 -0.340495 -0.3764576754 -0.3036359712 4442.91 4223.763502 4503.582012
-0.224143 -0.2773654803 -0.3112890884 -0.363345 -0.4030374196 -0.3112890884 4488.44 3480.811335 5562.824358
-0.206377 -0.2541556422 -0.5146440065 -0.55215 -0.5898490251 -0.5146440065 3730.38 3090.610115 4442.709152
-0.165576 -0.2279330787 -0.5725372463 -0.628226 -0.6842727858 -0.5725372463 4532.19 3482.853463 5946.575403
-0.0946305 -0.1815956843 -0.7224884933 -0.762462 -0.8028950484 -0.7224884933 5811.86 3766.059122 6536.875815
-0.404723 -0.4530585184 -0.4551332339 -0.481176 -0.5051379136 -0.4551332339 3999.16 3236.940142 4213.658202
-0.243624 -0.2941001064 -0.6117527179 -0.661624 -0.7132927938 -0.6117527179 3538.01 2781.496839 4592.593678
-0.323239 -0.3580408167 -0.6211946634 -0.653089 -0.6946678464 -0.6211946634 2910.97 2503.832585 3607.206601
