128.993 128.3437164 129.4156908  FFFFFFFFF
123.281 123.0296265 123.6414271  FFFFFFFFF
121.876 121.7160875 122.0863943  FFFFFFFFF
122.131 121.7948208 122.4388541  FFFFFFFFF
122.3 122.026477 122.5025802  FFFFFFFFF
121.598 121.4619011 121.729649  FFFFFFFFF
121.491 121.3159085 121.6431194  FFFFFFFFF
121.588 121.2750964 121.7025872  FFFFFFFFF
121.622 121.3537558 121.6989929  FFFFFFFFF
121.23 121.0516325 121.3557773  FFFFFFFFF
121.426 121.0332823 121.8314806  FFFFFFFFF
122.117 121.8265703 122.8459676  FFFFFFFFF
121.122 120.78345 121.231039  FFFFFFFFF
121.205 120.997929 121.4465534  FFFFFFFFF
121.4 121.0079268 121.6515356  FTFFFFFFF
120.969 120.7400046 121.0634489  FFFFFFFFF
121.331 121.174836 121.537536  FFFFFFFFF
121.55 121.1985635 121.7159694  FFFFFFFFF
121.784 121.6264657 122.0062819  FFFFFFFFF
121.222 120.8835917 121.3245007  FFFFFFFFF
120.937 120.6729502 121.1388073  FFFFFFFFF
120.957 120.7067612 121.0189834  FFFFFFFFF
121.278 120.779048 121.449524  FFFFFFFFF
