105.59 105.4904674 105.6604424  FFFFFFFFF

105.474 105.413186 105.5393282  FFFFFFFFF
105.391 105.3078956 105.4222287  FFFFFFFFF
105.3 105.2131974 105.3431966  FFFFFFFFF
105.233 105.1822523 105.2957028  FFFFFFFFF
105.13 105.0604431 105.1870703  FFFFFFFFF
105.13 105.0659132 105.1881456  FFFFFFFFF
105.104 104.9967864 105.1365806  FFFFFFFFF
104.94 104.8752524 104.9918403  FFFFFFFFF
104.797 104.7528237 104.887576  FFFFFFFFF
104.877 104.7377167 104.9439928  FFFFFFFFF
104.887 104.7389582 104.9278061  FFFFFFFFF
104.776 104.6956941 104.8639724  FFFFFFFFF
104.792 104.6737177 104.8569186  FFFFFFFFF
104.688 104.610756 104.8503968  FFFFFFFFF
104.859 104.6880789 104.9098771  FFFFFFFFF
104.891 104.7433295 104.9718589  FFFFFFFFF
104.794 104.7266677 104.9155482  FFFFFFFFF
104.565 104.5013905 104.6459493  FFFFFFFFF
104.687 104.6166506 104.7627066  FFFFFFFFF
104.609 104.5294506 104.6639388  FFFFFFFFF
104.533 104.469079 104.6013797  FFFFFFFFF
104.451 104.3115525 104.6271675  FFFFFFFFF
