105.136 104.933181 105.3136007 143.944 143.9661842 144.2682486
105.003 104.9537114 105.1068982 143.809 143.8231964 143.9702353
104.896 104.8265141 104.9987243 143.642 143.7423497 143.8899609
104.734 104.6461641 104.8615511 143.508 143.502465 143.6947031
104.741 104.7064085 104.810117 143.43 143.4157987 143.4602334
104.587 104.3887617 104.7474968 143.158 143.1913618 143.4162392
104.55 104.514858 104.5528498 143.261 143.2031563 143.26611
104.478 104.3769367 104.5203752 143.152 143.1164811 143.3287097
104.454 104.3065837 104.5675053 143.058 143.0713118 143.2694714
104.363 93.98817657 113.583006 142.935 133.1270495 156.4519326
104.257 104.1119392 104.3926134 142.843 142.8255218 143.0195765
104.376 104.1836447 104.4351874 142.785 142.7643216 142.9413152
104.232 95.49003605 113.9552389 142.734 128.8388106 154.0237924
104.167 104.0890974 104.2320976 142.596 142.6474831 142.8252269
