104.397 104.3763859 104.5582446 148.869 0.0 0.0
104.297 104.3736092 104.5262536 148.944 0.0 0.0
104.394 104.4967312 104.6124819 149.103 0.0 0.0
104.526 104.5840558 104.7337906 149.09 0.0 0.0
104.642 104.6463955 104.8583931 149.255 0.0 0.0
104.634 104.5927245 104.7645029 148.885 0.0 0.0
104.797 104.7126476 104.9339011 149.819 0.0 0.0
104.882 104.7693221 104.948544 149.517 0.0 0.0
104.726 104.7436331 105.0546471 149.813 0.0 0.0
104.77 104.7716027 105.0569684 149.623 0.0 0.0
104.643 104.7755563 105.0352075 149.568 0.0 0.0
104.64 104.76869 105.0197686 151.011 0.0 0.0
104.922 104.9834254 105.1627227 149.908 0.0 0.0
105.005 104.9776036 105.181516 150.134 0.0 0.0
105.054 105.0981426 105.2267052 150.126 0.0 0.0
105.202 105.2203442 105.3745955 150.477 0.0 0.0
105.087 105.0972437 105.3519079 149.985 0.0 0.0
