-0.464896 -0.491526272 -0.4083146284 -0.457689 -0.5063609885 -0.4083146284 631.284 630.2817729 635.9309623
-0.126349 -0.1593917413 -0.8983520125 -0.941385 -0.9844425343 -0.8983520125 3890.57 3885.594066 4499.060621
-0.221625 -0.229455821 -0.8130171226 -0.854218 -0.8955906326 -0.8130171226 2736.5 2732.930809 2740.595399
-0.167771 -0.1983072771 -0.7866508833 -0.828374 -0.8689622079 -0.7866508833 3583.07 3577.886918 3587.965848
-0.157837 -0.1662691903 -0.7688140334 -0.815143 -0.8521404895 -0.7688140334 3694.57 3690.113453 3700.80195
-0.170279 -0.177296965 -0.8215797238 -0.861692 -0.9010384364 -0.8215797238 3773.35 3768.439167 3778.412596
-0.260247 -0.2677405718 -0.6975720542 -0.742216 -0.7867850703 -0.6975720542 1978.15 1975.168827 1981.105349
-0.312106 -0.3205312932 -0.686366672 -0.732244 -0.7779418738 -0.686366672 1451.53 1449.293907 1453.753163
-0.22051 -0.2297544474 -0.680655743 -0.728318 -0.7755737693 -0.680655743 2103.68 2099.986949 2107.226127
-0.265271 -0.2979664891 -0.6088874356 -0.64888 -0.6914423014 -0.6088874356 2307.47 2054.568833 2395.162737
0.0222409 0.01362220041 -0.2121008996 -0.25154 -0.2908810815 -0.2121008996 10138.6 10125.68353 10151.21536
-0.147648 -0.16158111 -0.6191108465 -0.663672 -0.7054544478 -0.6191108465 3604.3 3303.027092 3610.800027
-0.151631 -0.1763243129 -0.2872171382 -0.323007 -0.3586577327 -0.2872171382 5258.93 4642.945325 5291.444913
-0.0608695 -0.07892131931 -0.3747262998 -0.4123 -0.4505699653 -0.3747262998 7152.43 6926.977609 7240.794163
-0.127176 -0.1375310853 -0.4859246627 -0.524087 -0.562449717 -0.4859246627 5123.59 4982.212409 5159.415081
-0.0842586 -0.115377263 -0.6191873058 -0.659119 -0.6991160056 -0.6191873058 5634.65 4803.336256 6465.968086
-0.110647 -0.1198948853 -0.4496257814 -0.490039 -0.5304005341 -0.4496257814 4968.74 4792.084712 5093.633905
-0.0614101 -0.1021572798 -0.5503465139 -0.591148 -0.6296993864 -0.5503465139 6466.13 5142.142992 7120.928114
-0.196114 -0.2448083536 -0.478577339 -0.523723 -0.5613987526 -0.478577339 4035.92 3171.330942 4752.04995
-0.141323 -0.1504445408 -0.6362863862 -0.678599 -0.7196293609 -0.6362863862 4007.84 3706.674069 4028.405562
-0.203838 -0.2126044432 -0.2901486416 -0.325417 -0.3618384892 -0.2901486416 4080.84 3574.074331 4122.01876
-0.236314 -0.2828759828 -0.315093151 -0.360674 -0.3954917838 -0.315093151 4243.02 3318.389188 5127.982519
-0.210477 -0.2253453332 -0.5128324126 -0.548731 -0.5874261706 -0.5128324126 3672.75 3170.62859 3819.962309
-0.180402 -0.2320621547 -0.6119516008 -0.640969 -0.6789210059 -0.6119516008 4236.7 3290.949037 5053.030537
-0.098271 -0.119287972 -0.7412529986 -0.781037 -0.8182361708 -0.7412529986 5738.87 5179.467476 5944.672892
-0.444714 -0.4616414784 -0.4414835087 -0.463072 -0.4854534617 -0.4414835087 3308.22 3261.437184 3319.742536
-0.241876 -0.2700990321 -0.636550393 -0.671163 -0.7056617721 -0.636550393 3581.38 2817.886575 3720.210311
-0.296142 -0.3035288653 -0.6354336585 -0.665884 -0.698112953 -0.6354336585 3320.02 3047.229614 3425.59178
