122.956 122.5966814 123.2177929  FFFFFFFFF
122.759 122.5402063 122.946102  FFFFFFFFF
123.296 123.1439509 123.5124144  FFFFFFFFF
122.37 121.9220889 122.472426  FFFFFFFFF
121.842 121.6688241 122.0045677  FFFFFFFFF
122.285 121.9733479 122.3704254  FFFFFFFFF
121.619 121.5282242 121.7145736  FFFFFFFFF
121.971 121.3541629 122.5082219  FFFFFFFFF
121.548 121.4443559 121.6338599  FFFFFFFFF
121.307 121.0936373 121.3762573  FFFFFFFFF
121.605 121.3301895 121.6970776  FFFFFFFFF
121.675 121.3388794 121.8131379  FFFFFFFFF
121.612 121.3710607 121.6860955  FFFFFFTFF
121.56 121.1122881 121.653212  FFFFFFFFF
121.533 121.2936865 121.613207  FFFFFFFFF
121.466 121.3021467 121.6932827  FFFFFFFFF
121.484 121.2510557 121.6066431  FFFFFFFFF
121.578 121.1940482 121.6372199  FFFFFFFFF
121.395 121.2249502 121.5674754  FFFFFFFFF
121.691 121.3725105 121.7974544  FFFFFFFFF
121.248 121.1227206 121.3610451  FFFFFFFFF
120.928 120.7256457 121.1078983  FFFFFFFFF
121.597 121.3721302 121.6529964  FFFFFFFFF
