105.41 105.3365843 105.448247  FFFFFFFFF
105.38 105.3460768 105.4288767  FFFFFFFFF
105.302 105.2698521 105.3408896  FFFFFFFFF
105.232 105.1534397 105.2525526  FFFFFFFFF
105.165 105.107941 105.1891462  FFFFFFFFF
105.086 105.0440455 105.1272208  FFFFFFFFF
105.053 105.0011161 105.0828094  FFFFFFFFF
105.015 104.9569814 105.0547712  FFFFFFFFF
105.007 104.9538977 105.0373699  FFFFFFFFF
104.943 104.8776924 104.9809833  FFFFFFFFF
104.971 104.8938917 105.011271  FFFFFFFFF
104.901 104.8123735 104.9579994  FFFFFFFFF
104.816 104.7553714 104.8743075  FFFFFFFFF
104.815 104.7553853 104.8850588  FFFFFFFFF
104.819 104.7155593 104.8612  FFFFFFFFF
104.773 104.6934613 104.819064  FFFFFFFFF
104.687 104.6255343 104.7479059  FFFFFFFFF
104.686 104.6182967 104.7382778  FFFFFFFFF
104.625 104.5729623 104.6890357  FFFFFFFFF
104.689 104.6118969 104.7192775  FFFFFFFFF
104.685 104.646546 104.750523  FFFFFFFFF
104.614 104.5581135 104.6535377  FFFFFFFFF
104.613 104.5517727 104.6618655  FFFFFFFFF
