144.572 144.2529408 144.7495265 123.189 121.5608293 0.0 105.441 105.3733834 105.5822758
144.592 144.5521353 144.6326679 123.301 122.8889594 123.5426705 105.406 105.3559268 105.4653658
144.437 144.3977804 144.464447 123.226 122.922018 123.5237289 105.31 105.2644941 105.3523381
144.382 144.3522444 144.4214704 122.864 122.4348172 123.1068988 105.226 105.1769052 105.270192
144.358 144.2938151 144.376299 122.558 122.2003222 122.7967683 105.137 105.0916483 105.1838208
144.241 144.2134048 144.2802035 122.817 122.2951992 123.0939207 105.105 105.0600679 105.1493395
144.189 144.1509514 144.229221 121.638 121.4422775 121.6922907 105.009 104.9513711 105.0782204
144.122 144.0844511 144.1637855 121.554 121.176254 121.9227412 104.981 104.9218525 105.0678544
144.044 144.0005494 144.088782 122.177 121.8091368 122.3791405 104.988 104.9393724 105.0899266
144.059 143.9890902 144.0936688 122.11 121.6606879 122.3408902 104.976 104.8774793 105.0392992
143.999 143.9639807 144.0609252 121.854 121.4588754 122.0943176 104.979 104.8961962 105.0722724
143.985 143.9141304 144.0237531 122.348 121.7627 122.647739 104.884 104.7847998 104.9680076
143.914 143.8143255 143.9268234 121.536 121.3450598 121.6174275 104.763 104.6774084 104.8565766
143.913 143.8555535 143.9595838 121.88 121.4857408 122.1772896 104.917 104.7752219 104.9623203
143.885 143.8339693 143.9371231 121.858 121.3858468 122.1001628 104.816 104.7411859 104.9016367
143.822 143.7824984 143.9004119 121.735 121.4312253 122.0383863 104.855 104.7042529 104.9121011
143.8 143.7223634 143.8286304 121.756 121.3612799 122.0072086 104.68 104.6056369 104.774961
143.777 143.68015 143.7961518 121.681 121.2073746 121.877133 104.694 104.6233576 104.7792774
143.701 143.6492825 143.7545586 121.799 121.4282254 121.9794878 104.635 104.5449219 104.7066013
143.698 143.6319219 143.7382621 122.354 121.9185737 122.5877461 104.709 104.6546994 104.7739929
143.679 143.6343379 143.7300449 121.65 121.1513412 121.8648989 104.645 104.5887268 104.7536976
143.598 143.4926141 143.6591017 121.671 121.1771998 122.1822996 104.691 104.5367054 104.7519361
143.534 143.4868238 143.57123 121.784 121.5066841 121.9842776 104.585 104.5384654 104.6705254
143.513 143.4490335 143.5542142 122.032 121.6073929 122.2390254 104.666 104.5398429 104.7135404
143.565 143.5104165 143.5990605 122.006 121.6379591 122.2251791 104.596 104.5648203 104.6693642
143.476 143.4278962 143.5466277 121.811 121.5601372 122.069459 104.52 104.3443762 104.5890935
143.421 143.3742882 143.4528833 121.396 121.1423979 121.5916528 104.482 104.4350031 104.5640153
143.363 143.3175294 143.4042344 121.44 121.1888406 121.6816642 104.432 104.3796465 104.505765
