-0.478101 -0.5736809086 -0.3881197094 -0.450395 -0.5177794388 -0.3881197094 589.996 389.3820763 662.7305948
-0.127313 -0.188856574 -0.8842098629 -0.927718 -0.9719641015 -0.8842098629 3840.21 3010.285049 4551.352907
-0.24398 -0.2519226139 -0.7527783066 -0.794567 -0.8365729072 -0.7527783066 2442.06 2361.358551 2448.747539
-0.213478 -0.2761833861 -0.7303001853 -0.771957 -0.8148873635 -0.7303001853 2856.97 2217.744249 3615.597991
-0.166767 -0.2153380673 -0.732053483 -0.774264 -0.817331061 -0.732053483 3513.31 2660.257024 4102.105045
-0.176461 -0.183820721 -0.7877239396 -0.827927 -0.8681877456 -0.7877239396 3634.13 3561.946223 3654.088982
-0.316867 -0.3241697699 -0.6099069584 -0.655068 -0.7003750495 -0.6099069584 1503.87 1501.292076 1506.39349
-0.350969 -0.4247021387 -0.6205564029 -0.692611 -0.7601764713 -0.6205564029 1196.79 847.1598737 1637.610544
-0.21203 -0.2295353502 -0.6864180545 -0.73608 -0.7820342477 -0.6864180545 2171.14 1701.995809 2197.373996
-0.247232 -0.3401907125 -0.562678974 -0.633445 -0.6976345547 -0.562678974 2494.81 1655.316894 3145.360033
0.0264153 -0.01321693903 -0.2128164682 -0.25481 -0.2867125286 -0.2128164682 10262.2 8499.406072 13893.94402
-0.186357 -0.2209874544 -0.5596686317 -0.602832 -0.6473678931 -0.5596686317 2985.22 2482.17876 3049.622371
-0.167574 -0.1781746255 -0.2744470064 -0.310079 -0.3462569517 -0.2744470064 4843.67 4837.195162 4850.301055
-0.0734505 -0.1237103789 -0.3519035021 -0.390425 -0.4291776137 -0.3519035021 6693.05 5323.327758 8425.775415
-0.143408 -0.2081669601 -0.4453606708 -0.502672 -0.5336474519 -0.4453606708 4711.11 3458.929234 6111.64403
-0.109916 -0.1642322499 -0.5918161429 -0.643699 -0.6833963834 -0.5918161429 4949.76 3767.372201 6652.786252
-0.108152 -0.1687015599 -0.4235881201 -0.481635 -0.5454128987 -0.4235881201 4989.85 3577.780831 6828.789494
-0.0700727 -0.1403987828 -0.5317031926 -0.584227 -0.6333357503 -0.5317031926 6159.83 4127.758606 8174.814361
-0.222975 -0.2812519297 -0.4585853212 -0.496127 -0.5341169297 -0.4585853212 3527.12 2752.408302 4457.468257
-0.145517 -0.1985406963 -0.6052032172 -0.647998 -0.6907678495 -0.6052032172 3903.32 3071.749053 4809.406445
-0.186171 -0.2290475862 -0.3026445809 -0.33892 -0.3747913 -0.3026445809 4401.39 3717.74754 4835.589015
-0.209367 -0.2767787566 -0.3194822323 -0.379341 -0.4208450004 -0.3194822323 4792.81 3498.166163 5769.762096
-0.220552 -0.2757730922 -0.4947159214 -0.546578 -0.5958812477 -0.4947159214 3472.81 2684.081555 4362.465713
-0.160549 -0.2334150019 -0.5768087474 -0.647924 -0.6941607827 -0.5768087474 4611.32 3255.084329 5789.670135
-0.152287 -0.1788803918 -0.7258131983 -0.733788 -0.8067014638 -0.7258131983 4400.53 3609.019704 6759.23874
-0.445898 -0.4812761531 -0.4328146202 -0.467739 -0.4989237343 -0.4328146202 3268.95 2775.429132 3825.759424
-0.253341 -0.3150226692 -0.5969361539 -0.657789 -0.7046622816 -0.5969361539 3358.03 2461.987726 4186.209154
-0.306431 -0.3445430806 -0.6383031238 -0.670372 -0.7132130861 -0.6383031238 3131.03 2620.894431 3944.079538
