-0.539054 -0.5293642709 -0.4018406779 -0.395799 -0.5247493117 -0.4018406779 444.643 404.9763002 456.1071244
-0.132043 -0.179821236 -0.890991206 -0.93498 -0.9780858104 -0.890991206 3778.06 3399.712142 4269.678252
-0.233076 -0.241034942 -0.7746315966 -0.816755 -0.8579108538 -0.7746315966 2587.87 2583.798431 2592.223314
-0.185407 -0.2557367665 -0.7576878614 -0.799749 -0.8408169541 -0.7576878614 3287.7 2730.810389 3629.12493
-0.162778 -0.1998718221 -0.7415696991 -0.783054 -0.8254072102 -0.7415696991 3606.58 3524.06035 3679.85093
-0.16198 -0.1702339264 -0.8156217142 -0.857216 -0.8957041483 -0.8156217142 3912.94 3628.104842 3969.929157
-0.310187 -0.3180874751 -0.6092106205 -0.65616 -0.7021114407 -0.6092106205 1564.12 1506.269814 2072.124672
-0.332938 -0.4048763954 -0.6650702404 -0.701188 -0.7684066046 -0.6650702404 1313.37 934.9405412 1795.789894
-0.2345 -0.2567546455 -0.6547484757 -0.700881 -0.7511043677 -0.6547484757 1965.5 1764.853516 2485.99946
-0.267044 -0.3218268219 -0.5760567503 -0.632099 -0.6940279278 -0.5760567503 2285.2 1746.982412 3066.979328
0.0329881 -0.01552094953 -0.2228995311 -0.262666 -0.3035715592 -0.2228995311 10649.0 8726.881335 12845.90234
-0.21548 -0.2623163848 -0.563344435 -0.607668 -0.6502907598 -0.563344435 2612.03 2135.845299 3259.847197
-0.174219 -0.1838429572 -0.2661977984 -0.302118 -0.337886565 -0.2661977984 4720.32 4652.833432 4726.298056
-0.0591999 -0.1221834724 -0.3556112765 -0.412842 -0.4509689074 -0.3556112765 7192.52 5308.932798 8676.800918
-0.147415 -0.2084042943 -0.4473155364 -0.508981 -0.5683859758 -0.4473155364 4646.28 3489.503418 6093.755966
-0.0858496 -0.1432410437 -0.6109728203 -0.652174 -0.6922212555 -0.6109728203 5586.46 4152.751166 6062.302179
-0.115771 -0.1744464173 -0.4201263883 -0.476052 -0.5308147159 -0.4201263883 4845.51 3694.929573 6271.291178
-0.0868111 -0.1492040665 -0.5178691049 -0.578218 -0.6281126982 -0.5178691049 5722.03 4153.205833 7315.765106
-0.213205 -0.2727324117 -0.4535842462 -0.511556 -0.5405562252 -0.4535842462 3716.81 2794.133409 4719.683249
-0.158825 -0.2095934106 -0.6137706286 -0.657142 -0.6907771998 -0.6137706286 3686.73 2952.788093 4920.692082
-0.204297 -0.216433943 -0.2885742053 -0.325183 -0.3614608905 -0.2885742053 4065.18 3876.630196 4075.240798
-0.232223 -0.2828337918 -0.3148593368 -0.364761 -0.4049624374 -0.3148593368 4327.11 3390.783704 5424.315633
-0.211327 -0.2583274535 -0.5170186869 -0.554978 -0.5928723264 -0.5170186869 3650.24 3027.792622 4360.429759
-0.168787 -0.2366025111 -0.5737091642 -0.641252 -0.6905134841 -0.5737091642 4469.35 3246.570862 5637.203757
-0.113584 -0.1685723286 -0.7192408463 -0.758132 -0.7967622352 -0.7192408463 5325.25 4111.828555 6286.475895
-0.454582 -0.4831515761 -0.4311402721 -0.460225 -0.4823268798 -0.4311402721 3157.74 2749.103184 3533.011919
-0.245325 -0.3066847285 -0.6151777703 -0.673 -0.7190509186 -0.6151777703 3514.53 2617.598315 4382.533367
-0.291961 -0.3518627539 -0.6215744465 -0.681972 -0.7199140182 -0.6215744465 3377.2 2534.08837 4078.644582
