105.268 105.1134577 105.4882816 144.462 144.355767 144.6662624
105.284 105.2413202 105.3563383 144.357 144.3060866 144.4257702
105.09 105.0130494 105.1729888 144.039 144.0546035 144.1924071
104.938 104.8248238 105.0459878 143.928 143.8871926 144.0417202
104.991 94.85507418 114.883088 143.86 130.3610201 158.1975117
104.863 94.6600178 114.6899584 143.811 130.1629251 158.0971403
104.662 94.82298397 114.1207424 143.763 130.5043754 158.006037
104.621 104.489741 104.7638977 143.486 143.4901263 143.6629449
104.63 95.52452743 114.8204757 143.504 129.5466441 155.3707446
104.434 104.3191518 104.5511313 143.331 143.3167211 143.4568003
104.476 104.4058039 104.4830439 143.292 143.2247144 143.378939
104.392 104.3288197 104.4939448 143.291 143.2153019 143.369608
104.294 104.14822 104.4349645 143.163 143.1589746 143.3396616
104.26 104.2007517 104.3595632 143.014 142.9694855 143.0674378
