144.648 144.6034949 144.723694  FFFFFFFFF
144.554 144.530608 144.6108805  FFFFFFFFF
144.441 144.408908 144.4607208  FFFFFFFFF
144.366 144.3512638 144.4068914  FFFFFFFFF
144.31 144.2823094 144.3334413  FFFFFFFFF
144.253 144.221119 144.2762926  FFFFFFFFF
144.142 144.1367581 144.1951084  FFFFFFFFF
144.114 144.0845149 144.1420742  FFFFFFFFF
144.061 144.0248358 144.0860473  FFFFFFFFF
144.027 143.9808968 144.0476364  FFFFFFFFF
144.021 143.969115 144.0446285  FFFFFFFFF
143.947 143.9110407 143.9988794  FFFFFFFFF
143.878 143.7890206 143.8952983  FFFFFFFFF
143.915 143.8831582 143.9566537  FFFFFFFFF
143.835 143.8294876 143.9296129  FFFFFFFFF
143.838 143.8199785 143.8988732  FFFFFFFFF
143.742 143.7123151 143.7888672  FFFFFFFFF
143.739 143.6922621 143.7674009  FFFFFFFFF
143.67 143.6016147 143.6912781  FFFFFFFFF
143.661 143.638818 143.7159851  FFFFFFFFF
143.634 143.606081 143.6728097  FFFFFFFFF
143.6 143.5745944 143.6382378  FFFFFFFFF
143.512 143.4884653 143.5702194  FFFFFFFFF
