144.636 144.4558333 144.818595 124.28 123.5758961 0.0 105.4 105.4019786 105.6079348
144.612 144.5804986 144.6628816 123.21 122.8289793 123.4465363 105.425 105.3590639 105.4746468
144.449 144.4190682 144.4903747 123.17 122.8896851 123.4825601 105.327 105.2801152 105.3706873
144.413 144.3779802 144.4478335 122.805 122.3754788 123.0494615 105.235 105.1904646 105.2851816
144.36 144.3224012 144.3899507 122.579 122.2290199 122.8090657 105.163 105.1189654 105.2125208
144.262 144.2413023 144.3081254 122.748 122.3780332 123.0062619 105.116 105.0710251 105.1663551
144.209 144.1817021 144.2632105 121.602 121.4793947 122.0738031 105.011 104.9586221 105.0915132
144.144 144.1120778 144.1931329 121.53 121.1724893 121.892021 104.984 104.9297229 105.0759194
144.1 144.0238324 144.1295997 122.238 121.8809143 122.4483204 105.048 104.9621791 105.099877
144.081 144.0215833 144.1229799 121.91 121.6156513 122.2124181 104.963 104.8898971 105.0470134
144.031 143.9910266 144.0817457 121.839 121.4725357 122.0642056 104.988 104.8917454 105.0638218
143.99 143.9305896 144.0387754 122.234 121.6460157 122.5322386 104.84 104.7711509 104.9633638
143.927 143.8384381 143.9501934 121.632 121.3460098 121.6115345 104.809 104.7114979 104.8908261
143.926 143.8849842 143.9917778 121.904 121.5046198 122.1893752 104.937 104.7887114 104.983832
143.915 143.863155 143.9680377 121.761 121.4083916 121.9879675 104.816 104.7483608 104.9201325
143.868 143.8241652 143.9271782 121.743 121.4434245 122.0413986 104.829 104.6992176 104.898017
143.802 143.7517182 143.8448692 121.654 121.3263821 121.875613 104.707 104.622768 104.7900042
143.771 143.7098742 143.8078828 121.65 121.2429539 121.9039566 104.707 104.6469486 104.8071998
143.721 143.665261 143.7702262 121.836 121.4299782 122.0160651 104.64 104.5607606 104.7209509
143.704 143.6692474 143.7630957 122.235 121.8408993 122.456624 104.733 104.6732498 104.7960849
143.694 143.6587589 143.7528271 121.506 121.1644992 121.7796866 104.704 104.619792 104.7803474
143.625 143.5132085 143.6737216 121.535 120.9317474 121.9261506 104.684 104.5431724 104.7470034
143.538 143.5026195 143.5870439 121.714 121.4803202 121.9153714 104.599 104.5370002 104.6614036
143.506 143.4537973 143.5570071 121.963 121.5745564 122.1920025 104.649 104.5246153 104.6953129
143.584 143.5312003 143.6116164 122.011 121.5738477 122.209615 104.632 104.5872732 104.6909861
143.509 143.4557807 143.5732558 121.745 121.5184356 122.029317 104.521 104.3707108 104.5905584
143.425 143.3943872 143.4746659 121.348 121.1097716 121.5396428 104.499 104.4550343 104.585944
143.354 143.3200773 143.425768 121.459 121.1118681 121.6014944 104.433 104.388431 104.5167959
