144.218 144.0918801 144.4723889 122.869 122.2226383 0.0 105.305 105.1955315 105.3986827
144.269 144.2454248 144.3314585 122.77 122.4657161 123.0000493 105.206 105.1186011 105.2488618
144.128 144.0976256 144.1670379 122.79 122.5045415 123.0995757 105.096 105.0469628 105.1467202
144.069 144.0411158 144.1167516 122.318 121.9110396 122.5143731 105.035 104.9703161 105.0713739
144.02 144.000162 144.0689437 122.148 121.8385973 122.3502455 104.937 104.8960247 104.9953495
143.932 143.9084734 143.978613 122.325 121.9609725 122.5204143 104.859 104.816561 104.9313237
143.869 143.8340731 143.9143066 121.639 121.2967207 121.7983726 104.789 104.7410818 104.8774056
143.816 143.7775719 143.859672 121.157 120.8397372 121.521592 104.762 104.699731 104.8494545
143.734 143.7065483 143.7940586 121.798 121.4796385 121.9951405 104.82 104.7462654 104.8871939
143.718 143.6735282 143.7626576 121.597 121.2274675 121.7927937 104.73 104.6669135 104.8275394
143.667 143.6301364 143.7311935 121.478 121.1328379 121.690103 104.714 104.6451029 104.8376049
143.63 143.5890274 143.7212121 121.944 121.4547546 122.1885276 104.655 104.5447999 104.7326202
143.517 143.5062545 143.6247518 121.363 121.0553722 121.4041352 104.582 104.3743794 104.6779215
143.606 143.5562322 143.6617594 121.533 121.1419243 121.8036991 104.697 104.5910527 104.7535272
143.564 143.5088553 143.618598 121.444 121.121657 121.6357625 104.595 104.509024 104.6804691
143.514 143.4699246 143.5768224 121.331 121.037457 121.6404389 104.577 104.4705155 104.6708197
143.459 143.414569 143.5091599 121.29 121.0136855 121.509952 104.44 104.3593689 104.5346563
143.393 143.358907 143.4651093 121.291 120.9306744 121.5344179 104.494 104.4199492 104.5767329
143.337 143.3003981 143.415248 121.537 121.2064262 121.6955765 104.416 104.3442557 104.5083972
143.343 143.3111472 143.4132565 121.827 121.4378323 122.0239443 104.5 104.4220772 104.551653
143.348 143.3202453 143.4163834 121.088 120.8204661 121.2559055 104.467 104.3636938 104.5325008
143.226 143.1829657 143.3171365 121.181 120.6293368 121.5410198 104.436 104.3239944 104.5124963
143.165 143.1391863 143.2321089 121.308 121.0833569 121.5196802 104.373 104.3051766 104.4328222
143.149 143.0982709 143.1982802 121.478 121.1904584 121.7369468 104.383 104.3013065 104.4506262
143.204 143.1846117 143.2729612 121.388 121.1862447 121.7125913 104.391 104.3480016 104.4601518
143.196 143.1344432 143.2540743 121.426 121.2040154 121.6911692 104.283 104.1622214 104.372507
143.055 143.0359592 143.1208828 120.952 120.7443278 121.1437039 104.293 104.2140218 104.3402615
143.002 142.9779951 143.0668944 121.135 120.8655259 121.2516148 104.242 104.1598836 104.2900966
