105.443 105.4432081 105.4432087 144.496 144.4960024 144.4960058
105.32 105.2162318 105.4341861 144.423 144.4256398 144.5536965
105.126 105.0186724 105.1251136 144.282 144.1786845 144.2818145
105.188 95.50678074 112.9758853 144.34 131.7996798 158.2278647
105.159 105.0215189 105.2942726 144.098 144.0859248 144.2681067
105.042 96.74648193 114.8345251 144.16 130.4137906 158.0846469
104.996 104.8522904 105.1420798 144.009 143.9513697 144.1441408
104.845 95.01355355 114.7206832 143.965 130.0124925 153.2901024
104.922 97.23200373 113.5818145 143.879 131.6252838 157.4968975
104.88 104.8809869 105.1025442 143.953 143.9528099 144.0097952
104.906 104.7003477 105.0497275 143.785 143.8240009 144.0220579
104.805 104.7538472 104.8752958 143.671 143.6691997 143.8827441
104.761 104.5960994 104.8769261 143.764 143.717766 143.8923986
104.764 104.6462136 104.8483132 143.656 143.6685126 143.824454
