123.212 122.6099339 124.1376141  FTFFFFFFF
122.774 122.5517816 122.954768  FFFFFFFFF
123.303 123.1548454 123.4537452  FFFFFFFFF
122.171 121.931302 122.9941438  FFFFFFFFF
121.85 121.6689587 121.9835968  FFFFFFFFF
122.183 121.9389366 122.3355134  FFFFFFFFF
121.617 121.5147542 121.7146314  FFFFFFFFF
122.012 121.4444889 122.5314681  FFFFFFFFF
121.567 121.4483936 121.6525516  FFFFFFFFF
121.345 121.0549731 121.4058916  FFFFFFFFF
121.565 121.3384749 121.7047194  FFFFFFFFF
121.634 121.303262 121.8389443  FFFFFFFFF
121.557 121.3738693 121.635748  FFFFFFFFF
121.339 121.1399319 121.5335445  FFFFFFFFF
121.463 121.3223656 121.6186385  FFFFFFFFF
121.516 121.2998348 121.7752968  FFFFFFFFF
121.591 121.1916121 121.6769911  FFFFFFFFF
121.47 121.275846 121.6056331  FFFFFFFFF
121.419 121.2411613 121.6400757  FFFFFFFFF
121.603 121.3631406 121.80893  FTFFFFFFF
121.237 121.1102681 121.3586719  FFFFFFFFF
120.962 120.7419457 121.1313457  FFFFFFFFF
121.59 121.4087045 121.6480117  FFFFFFFFF
