100.18 0.180000305 3.49641225E-4 1.15968678E-5 3.69266403E-4 6.14431974E-6 3.6312209E-4

100.540001 0.180000305 3.70411988E-4 1.19363604E-5 3.70352471E-4 7.09091728E-6 3.63261526E-4

100.880005 0.159999847 4.13252797E-4 1.33725471E-5 3.71586008E-4 8.19317029E-6 3.63392843E-4

101.199997 0.159999847 3.91183799E-4 1.301058E-5 3.72811221E-4 9.29517773E-6 3.63516039E-4

101.520004 0.159999847 3.9680925E-4 1.3103795E-5 3.7421126E-4 1.05723311E-5 3.63638916E-4

101.860001 0.180000305 3.87336331E-4 1.22060037E-5 3.75810021E-4 1.20409477E-5 3.63769068E-4

102.199997 0.159999847 3.93780152E-4 1.30536855E-5 3.77621385E-4 1.37225134E-5 3.63898871E-4

102.540001 0.180000305 3.66180931E-4 1.18679918E-5 3.79898265E-4 1.58700259E-5 3.64028238E-4

102.900002 0.180000305 3.83874547E-4 1.21513358E-5 3.83072445E-4 1.89076036E-5 3.64164851E-4

103.240005 0.159999847 4.05896484E-4 1.32529894E-5 3.87126609E-4 2.28331628E-5 3.64293461E-4

103.559998 0.159999847 4.16281895E-4 1.34214661E-5 3.92699527E-4 2.82853816E-5 3.64414154E-4

103.880005 0.159999847 4.16281895E-4 1.34214661E-5 4.01175115E-4 3.66405948E-5 3.64534499E-4

104.199997 0.159999847 4.07194661E-4 1.32741661E-5 4.15603427E-4 5.09488746E-5 3.64654552E-4

104.5 0.13999939 4.79214155E-4 1.53945766E-5 4.40418895E-4 7.56521185E-5 3.64766776E-4

104.779999 0.13999939 4.58443275E-4 1.50572523E-5 4.77701396E-4 1.12830123E-4 3.64871288E-4

105.059998 0.13999939 5.15810505E-4 1.59715855E-5 5.15470223E-4 1.50494714E-4 3.64975509E-4

105.32 0.120002747 5.28489414E-4 1.74617817E-5 5.24201314E-4 1.59129224E-4 3.65072105E-4

105.559998 0.119998932 5.61393623E-4 1.79974522E-5 4.95025073E-4 1.29864013E-4 3.65161046E-4

105.839996 0.159999847 4.35321796E-4 1.37249708E-5 4.38748684E-4 7.34840651E-5 3.65264597E-4

106.18 0.180000305 3.73873801E-4 1.19920078E-5 3.88240442E-4 2.28504177E-5 3.65390006E-4

106.540001 0.180000305 3.5579555E-4 1.16984847E-5 3.69745685E-4 4.22325456E-6 3.65522428E-4

106.900002 0.180000305 3.64642357E-4 1.18430326E-5 3.66946013E-4 1.29158013E-6 3.65654443E-4

107.260002 0.180000305 3.63103783E-4 1.18180214E-5 3.6682075E-4 1.03471757E-6 3.65786051E-4

107.620003 0.180000305 3.68488778E-4 1.1905332E-5 3.66967171E-4 1.04989886E-6 3.65917251E-4

107.980003 0.180000305 3.85028456E-4 1.21695857E-5 3.67132685E-4 1.08458653E-6 3.66048072E-4

108.339996 0.17999649 3.619575E-4 1.17994778E-5 3.67247121E-4 1.06859034E-6 3.66178516E-4

108.699997 0.180000305 3.82720609E-4 1.21330586E-5 3.67406465E-4 1.09790312E-6 3.66308581E-4

109.059998 0.180000305 3.77335586E-4 1.20473978E-5 3.67527391E-4 1.08914878E-6 3.66438238E-4

109.419998 0.180000305 3.79258796E-4 1.20780614E-5 3.67732544E-4 1.16502508E-6 3.66567518E-4

109.779999 0.180000305 3.5387231E-4 1.16668252E-5 3.67872795E-4 1.17638376E-6 3.66696418E-4

110.139999 0.180000305 3.58488032E-4 1.17426662E-5 3.68037727E-4 1.21277139E-6 3.66824941E-4

110.5 0.180000305 3.74258438E-4 1.19981751E-5 3.68181267E-4 1.22817119E-6 3.66953114E-4

110.860001 0.180000305 3.64257692E-4 1.18367852E-5 3.68321635E-4 1.24073711E-6 3.6708088E-4

111.220001 0.180000305 3.66950204E-4 1.18804519E-5 3.68484267E-4 1.27597229E-6 3.67208297E-4

111.580002 0.180000305 3.68488778E-4 1.1905332E-5 3.68628534E-4 1.29319801E-6 3.67335335E-4

111.940002 0.180000305 3.64257692E-4 1.18367852E-5 3.68805893E-4 1.3438746E-6 3.67462024E-4

112.300003 0.180000305 3.78489523E-4 1.20658051E-5 3.68979003E-4 1.39067299E-6 3.67588334E-4

112.639999 0.159999847 3.92914721E-4 1.30393328E-5 3.69257963E-4 1.55065243E-6 3.67707311E-4

112.980003 0.180000305 3.70411988E-4 1.19363604E-5 3.69568443E-4 1.74250158E-6 3.67825938E-4

113.339996 0.17999649 3.61572864E-4 1.17932059E-5 3.69919464E-4 1.96825067E-6 3.6795123E-4

113.699997 0.180000305 3.75412375E-4 1.20166569E-5 3.7019953E-4 2.12339887E-6 3.68076144E-4

114.059998 0.180000305 3.63873056E-4 1.18305334E-5 3.70195048E-4 1.99433111E-6 3.68200708E-4

114.419998 0.180000305 3.64642357E-4 1.18430326E-5 3.70131835E-4 1.80689983E-6 3.68324923E-4

114.779999 0.180000305 3.81182035E-4 1.21086459E-5 3.70191643E-4 1.74283753E-6 3.68448789E-4

115.139999 0.180000305 3.80028097E-4 1.20903042E-5 3.70449416E-4 1.87707462E-6 3.68572335E-4

115.5 0.180000305 3.87720967E-4 1.22120628E-5 3.70763679E-4 2.06818027E-6 3.68695502E-4

115.860001 0.180000305 3.55026248E-4 1.16858309E-5 3.71155067E-4 2.33672245E-6 3.6881835E-4

116.220001 0.180000305 3.55410884E-4 1.16921601E-5 3.71773145E-4 2.83230315E-6 3.68940848E-4

116.580002 0.180000305 3.7887416E-4 1.20719351E-5 3.72760085E-4 3.69708596E-6 3.69062996E-4

116.940002 0.180000305 3.85028456E-4 1.21695857E-5 3.74207651E-4 5.0228241E-6 3.69184825E-4

117.300003 0.180000305 3.78489523E-4 1.20658051E-5 3.75378469E-4 6.07214588E-6 3.69306304E-4

117.660004 0.17999649 3.70419846E-4 1.19366132E-5 3.75569565E-4 6.14210967E-6 3.69427464E-4

118.019997 0.180000305 3.69642716E-4 1.19239585E-5 3.75486881E-4 5.93857658E-6 3.69548303E-4

118.379997 0.180000305 3.60411272E-4 1.17741229E-5 3.76026874E-4 6.35808738E-6 3.69668793E-4

118.739998 0.180000305 3.83489882E-4 1.21452467E-5 3.76347132E-4 6.55818394E-6 3.69788962E-4

119.099998 0.180000305 3.61949846E-4 1.17992277E-5 3.76590266E-4 6.68147641E-6 3.69908812E-4

119.459999 0.180000305 3.69642716E-4 1.19239585E-5 3.77016549E-4 6.98823578E-6 3.70028312E-4

119.82 0.180000305 3.76181648E-4 1.20289633E-5 3.78104683E-4 7.95716733E-6 3.70147522E-4

120.18 0.180000305 3.73489165E-4 1.19858369E-5 3.79898498E-4 9.63207913E-6 3.70266411E-4

120.540001 0.180000305 3.7887416E-4 1.20719351E-5 3.82876518E-4 1.24915387E-5 3.7038498E-4

120.880005 0.159999847 4.11521905E-4 1.33445119E-5 3.87937151E-4 1.74405013E-5 3.70496651E-4

121.199997 0.159999847 4.01136494E-4 1.31750512E-5 3.96193645E-4 2.55921223E-5 3.70601512E-4

121.5 0.13999939 4.46079648E-4 1.4852827E-5 4.08017862E-4 3.73182447E-5 3.70699592E-4

121.800003 0.159999847 4.1108919E-4 1.33374942E-5 4.19201591E-4 4.84041338E-5 3.70797468E-4

122.119995 0.159999847 4.18012787E-4 1.34493412E-5 4.19222488E-4 4.83208642E-5 3.70901631E-4

122.440002 0.159999847 4.10656445E-4 1.3330472E-5 4.02605016E-4 3.15994803E-5 3.71005532E-4

122.759995 0.159999847 3.98540142E-4 1.31323441E-5 3.83979699E-4 1.28704914E-5 3.71109199E-4

123.080002 0.159999847 4.2060914E-4 1.34910442E-5 3.74825147E-4 3.61251136E-6 3.71212634E-4

123.399994 0.159999847 3.9204926E-4 1.30249637E-5 3.72677197E-4 1.36137771E-6 3.71315808E-4

123.720001 0.159999847 3.94645613E-4 1.30680219E-5 3.72419716E-4 1.00094974E-6 3.71418777E-4

124.039993 0.159999847 3.90751084E-4 1.30033814E-5 3.72667884E-4 1.02065792E-6 3.71647242E-4

124.360001 0.159999847 4.03300131E-4 1.32105342E-5 3.73358111E-4 1.00987836E-6 3.72348237E-4

124.699997 0.180000305 3.73873801E-4 1.19920078E-5 3.74198658E-4 1.05794732E-6 3.73140705E-4

125.039993 0.159999847 3.92481976E-4 1.30321505E-5 3.74994794E-4 1.06210007E-6 3.73932678E-4

125.379997 0.180000305 3.8656703E-4 1.21938765E-5 3.75861186E-4 1.1369907E-6 3.74724186E-4

125.739998 0.180000305 3.88490269E-4 1.22241718E-5 3.76736047E-4 1.17429158E-6 3.75561765E-4

126.099998 0.180000305 3.88105604E-4 1.22181191E-5 3.77615914E-4 1.21714868E-6 3.76398762E-4

126.459999 0.180000305 3.68488778E-4 1.1905332E-5 3.78483935E-4 1.24865323E-6 3.77235265E-4

126.800003 0.159999847 3.89885623E-4 1.29889731E-5 3.79324279E-4 1.29947057E-6 3.78024823E-4

127.119995 0.159999847 4.00703779E-4 1.31679426E-5 3.8005758E-4 1.29011357E-6 3.78767465E-4

127.440002 0.159999847 3.98107426E-4 1.31252127E-5 3.80865909E-4 1.35619257E-6 3.79509729E-4

127.759995 0.159999847 4.00703779E-4 1.31679426E-5 3.81626131E-4 1.37456823E-6 3.80251557E-4

128.080002 0.160003662 4.05886793E-4 1.32526739E-5 3.82421917E-4 1.42890565E-6 3.80993006E-4

128.420013 0.180000305 3.81566671E-4 1.21147541E-5 3.83338163E-4 1.55782857E-6 3.81780323E-4

128.779999 0.180000305 3.80412734E-4 1.20964214E-5 3.84220941E-4 1.607473E-6 3.82613449E-4

129.140015 0.180000305 3.87336331E-4 1.22060037E-5 3.85140622E-4 1.69453983E-6 3.8344608E-4

129.480011 0.159996033 4.09368047E-4 1.33097028E-5 3.86000582E-4 1.76863296E-6 3.84231942E-4

129.820007 0.180000305 3.76566313E-4 1.20351115E-5 3.86852276E-4 1.83489306E-6 3.85017367E-4

130.179993 0.180000305 3.86182393E-4 1.21878084E-5 3.87801178E-4 1.95267558E-6 3.85848514E-4

130.540009 0.180000305 3.89259541E-4 1.2236269E-5 3.88650777E-4 1.9716349E-6 3.86679138E-4

130.899994 0.180000305 3.60411272E-4 1.17741229E-5 3.89639667E-4 2.13042131E-6 3.87509266E-4

131.26001 0.180000305 3.91182781E-4 1.22664596E-5 3.90549016E-4 2.21014329E-6 3.88338871E-4

131.619995 0.180000305 3.82720609E-4 1.21330586E-5 3.91464069E-4 2.29608236E-6 3.89167981E-4

131.959991 0.159996033 4.05906147E-4 1.3253306E-5 3.9243215E-4 2.48158472E-6 3.89950583E-4

132.299988 0.180000305 3.80797399E-4 1.2102535E-5 3.9330477E-4 2.57206102E-6 3.9073269E-4

132.660004 0.180000305 3.68873414E-4 1.19115439E-5 3.94323259E-4 2.7628987E-6 3.91560374E-4

133 0.160003662 4.01992351E-4 1.3188941E-5 3.95176787E-4 2.83518534E-6 3.92341608E-4

133.320007 0.159996033 3.93356808E-4 1.30468216E-5 3.96064745E-4 2.98827626E-6 3.9307648E-4

133.639999 0.160003662 4.09781234E-4 1.33161011E-5 3.96981661E-4 3.17069612E-6 3.93810944E-4

133.959991 0.159996033 4.08069813E-4 1.32885816E-5 3.97811207E-4 3.26616259E-6 3.94545059E-4

134.279999 0.160003662 4.01126919E-4 1.31747365E-5 3.98765405E-4 3.48665935E-6 3.95278737E-4

134.600006 0.159996033 4.03742481E-4 1.32179348E-5 3.9964763E-4 3.63556978E-6 3.96012067E-4

134.919998 0.160003662 4.11512097E-4 1.33441936E-5 4.00695339E-4 3.95035204E-6 3.96744988E-4

135.23999 0.159996033 4.14128124E-4 1.33868616E-5 4.01610334E-4 4.13277894E-6 3.97477532E-4

135.579987 0.180000305 3.91952053E-4 1.2278515E-5 4.02735866E-4 4.48042738E-6 3.98255448E-4

135.919998 0.160003662 4.2665712E-4 1.35875307E-5 4.04068938E-4 5.03600768E-6 3.99032928E-4

136.23999 0.159996033 4.27975669E-4 1.36088347E-5 4.05278552E-4 5.51427411E-6 3.99764278E-4

136.559998 0.160003662 4.16271942E-4 1.34211468E-5 4.06686886E-4 6.1916262E-6 4.0049525E-4

136.880005 0.159996033 4.23648307E-4 1.35398586E-5 4.08363034E-4 7.13718237E-6 4.01225843E-4

137.199997 0.160003662 4.25358972E-4 1.35668442E-5 4.10142064E-4 8.18601256E-6 4.01956058E-4

137.519989 0.159996033 4.16291819E-4 1.34217862E-5 4.12058784E-4 9.37289133E-6 4.02685895E-4

137.820007 0.140007019 4.50505991E-4 1.49259295E-5 4.14203678E-4 1.08338891E-5 4.03369777E-4

138.119995 0.159996033 4.31437569E-4 1.36637645E-5 4.16200608E-4 1.21472576E-5 4.04053339E-4

138.440002 0.160003662 4.0415593E-4 1.32243858E-5 4.18934622E-4 1.41525306E-5 4.04782098E-4

138.76001 0.159996033 4.31004824E-4 1.36569106E-5 4.21213772E-4 1.57033028E-5 4.0551048E-4

139.080002 0.160003662 4.30984277E-4 1.36562594E-5 4.23785765E-4 1.7547256E-5 4.06238483E-4

139.399994 0.159996033 4.26244718E-4 1.35812861E-5 4.26418788E-4 1.94526583E-5 4.06966137E-4

139.720001 0.160003662 4.28820698E-4 1.36219387E-5 4.29152889E-4 2.14594675E-5 4.07693413E-4

140.040009 0.159996033 4.44852369E-4 1.38745645E-5 4.31763387E-4 2.33430583E-5 4.0842031E-4

140.360001 0.160003662 4.2665712E-4 1.35875307E-5 4.34801565E-4 2.56547155E-5 4.09146858E-4

140.679993 0.159996033 4.46583319E-4 1.3901531E-5 4.38109768E-4 2.82367237E-5 4.09873028E-4

140.979996 0.13999939 4.76741436E-4 1.53548081E-5 4.41478158E-4 3.09246861E-5 4.10553475E-4

141.279999 0.160003662 4.41802142E-4 1.38265859E-5 4.4542682E-4 3.41931955E-5 4.11233632E-4

141.580002 0.13999939 4.84654156E-4 1.54817099E-5 4.49621992E-4 3.77085562E-5 4.11913439E-4

141.860001 0.13999939 4.58937808E-4 1.50653714E-5 4.54563939E-4 4.20162869E-5 4.12547641E-4

142.139999 0.13999939 4.81192343E-4 1.5426318E-5 4.60335403E-4 4.71538297E-5 4.1318158E-4

142.419998 0.13999939 4.66850528E-4 1.51946906E-5 4.67970356E-4 5.41551271E-5 4.13815229E-4

142.699997 0.13999939 4.91577783E-4 1.55919006E-5 4.76480724E-4 6.20321298E-5 4.14448587E-4

142.959991 0.120002747 5.25027688E-4 1.74044981E-5 4.88688995E-4 7.36525108E-5 4.15036484E-4

143.200012 0.120002747 5.19258145E-4 1.73086046E-5 5.03082469E-4 8.75034748E-5 4.15578979E-4

143.440002 0.119995117 5.46986703E-4 1.77653019E-5 5.22966497E-4 1.06845255E-4 4.16121213E-4

143.679993 0.120002747 5.27335505E-4 1.74427078E-5 5.54144615E-4 1.37481358E-4 4.16663272E-4

143.919998 0.119995117 5.73528232E-4 1.8191211E-5 5.95066114E-4 1.77860988E-4 4.17205127E-4

144.139999 0.100006104 6.56317279E-4 2.13161948E-5 6.36882498E-4 2.1918086E-4 4.17701638E-4

144.339996 9.99984741E-2 7.00679084E-4 2.2025657E-5 6.67365384E-4 2.49212462E-4 4.18152893E-4

144.540009 9.99984741E-2 7.15911214E-4 2.22637791E-5 6.77268486E-4 2.58664484E-4 4.18604002E-4

144.73999 9.99984741E-2 6.56367338E-4 2.13178209E-5 6.58752513E-4 2.39697532E-4 4.19054966E-4

144.940002 9.99984741E-2 6.55674958E-4 2.13065741E-5 6.12237607E-4 1.92731866E-4 4.19505785E-4

145.160004 0.120002747 5.19835099E-4 1.73182179E-5 5.49363845E-4 1.2936235E-4 4.20001539E-4

145.419998 0.13999939 4.60915995E-4 1.50978049E-5 4.84667951E-4 6.40807411E-5 4.20587196E-4

145.720001 0.160003662 4.34446003E-4 1.37109937E-5 4.42363467E-4 2.11007755E-5 4.21262695E-4

146.040009 0.159996033 4.1715728E-4 1.34357315E-5 4.26273939E-4 4.29107968E-6 4.2198287E-4

146.360001 0.160003662 4.3574415E-4 1.37314628E-5 4.23296529E-4 5.93831999E-7 4.22702695E-4

146.679993 0.159996033 4.24946513E-4 1.35605887E-5 4.23481426E-4 5.92404703E-8 4.234222E-4

147 0.160003662 4.379077E-4 1.37655106E-5 4.24145372E-4 4.03675626E-9 4.24141326E-4

147.320007 0.159996033 4.39659547E-4 1.37933466E-5 4.24860191E-4 9.16943396E-11 4.24860104E-4

147.619995 0.13999939 4.66355996E-4 1.51866407E-5 4.25533653E-4 2.79757792E-12 4.25533653E-4

147.919998 0.160003662 4.3574415E-4 1.37314628E-5 4.26206912E-4 1.11965436E-13 4.26206912E-4

148.23999 0.159996033 4.30139364E-4 1.36431918E-5 4.269247E-4 0 4.269247E-4

148.539993 0.13999939 4.56465088E-4 1.50247315E-5 4.27597697E-4 3.82786719E-10 4.27597319E-4

148.820007 0.140007019 4.58418275E-4 1.50564319E-5 4.28224856E-4 0 4.28224856E-4

149.100006 0.13999939 4.76246874E-4 1.53468409E-5 4.2885213E-4 0 4.2885213E-4

149.380005 0.13999939 4.79708688E-4 1.54025183E-5 4.29479114E-4 0 4.29479114E-4

149.660004 0.13999939 4.74763248E-4 1.53229175E-5 4.30105836E-4 0 4.30105836E-4

149.880005 8.00018311E-2 4.95891552E-4 2.07161665E-5 4.30598098E-4 0 4.30598098E-4

