100.18 0.180000305 3.62543447E-4 1.17997843E-5 3.69105139E-4 5.98300858E-6 3.63122119E-4

100.520004 0.159999847 3.91876325E-4 1.30120397E-5 3.70180438E-4 6.92659569E-6 3.63253843E-4

100.860001 0.180000305 3.58318881E-4 1.17308336E-5 3.71426664E-4 8.04149477E-6 3.63385159E-4

101.220001 0.180000305 3.66767985E-4 1.18683338E-5 3.72948736E-4 9.42495535E-6 3.63523781E-4

101.580002 0.180000305 3.79825709E-4 1.20777549E-5 3.74532567E-4 1.08706217E-5 3.63661937E-4

101.919998 0.159999847 3.90148081E-4 1.29833152E-5 3.76181037E-4 1.2388984E-5 3.6379206E-4

102.240005 0.159999847 3.98357166E-4 1.31191946E-5 3.78071447E-4 1.41573E-5 3.63914151E-4

102.559998 0.159999847 3.9576483E-4 1.30764383E-5 3.80337471E-4 1.63015975E-5 3.64035892E-4

102.880005 0.159999847 3.91876325E-4 1.30120397E-5 3.83180828E-4 1.90235369E-5 3.64157313E-4

103.199997 0.159999847 3.99653363E-4 1.31405213E-5 3.87095788E-4 2.28174176E-5 3.64278385E-4

103.520004 0.159999847 3.94036615E-4 1.30478556E-5 3.92617832E-4 2.82187211E-5 3.64399108E-4

103.839996 0.159999847 4.1952802E-4 1.34632946E-5 4.00931196E-4 3.64116859E-5 3.6451951E-4

104.160004 0.159999847 4.11750982E-4 1.33379217E-5 4.15295654E-4 5.06560609E-5 3.64639593E-4

104.479996 0.159999847 4.20392113E-4 1.34771526E-5 4.42147284E-4 7.7387951E-5 3.64759355E-4

104.779999 0.13999939 4.52797976E-4 1.49527068E-5 4.8302245E-4 1.1815114E-4 3.64871317E-4

105.059998 0.13999939 5.09582926E-4 1.58626226E-5 5.20664908E-4 1.5568934E-4 3.64975567E-4

105.339996 0.140003204 5.26850927E-4 1.61289281E-5 5.24119881E-4 1.59040341E-4 3.65079555E-4

105.600006 0.119998932 5.46701311E-4 1.77466754E-5 4.86519304E-4 1.21343415E-4 3.65175889E-4

105.860001 0.13999939 4.56748239E-4 1.50177893E-5 4.3196269E-4 6.66906635E-5 3.65272019E-4

106.18 0.180000305 3.70224443E-4 1.19241267E-5 3.86714033E-4 2.13239691E-5 3.65390064E-4

106.540001 0.180000305 3.65231797E-4 1.18434518E-5 3.69494082E-4 3.97163467E-6 3.65522457E-4

106.919998 0.200000763 3.45298846E-4 1.09247721E-5 3.66912718E-4 1.25092902E-6 3.65661777E-4

107.300003 0.180000305 3.77905439E-4 1.20471859E-5 3.66902823E-4 1.10214239E-6 3.6580069E-4

107.660004 0.17999649 3.7484098E-4 1.19983679E-5 3.66989843E-4 1.05800314E-6 3.65931861E-4

108.019997 0.180000305 3.77521385E-4 1.20410623E-5 3.67189263E-4 1.12663292E-6 3.66062624E-4

108.379997 0.180000305 3.80977843E-4 1.20960585E-5 3.67322878E-4 1.12986334E-6 3.6619301E-4

108.739998 0.180000305 3.68688256E-4 1.18993621E-5 3.67474713E-4 1.15169416E-6 3.66323016E-4

109.099998 0.180000305 3.52174073E-4 1.16298124E-5 3.67628207E-4 1.17556385E-6 3.66452645E-4

109.459999 0.180000305 3.53326235E-4 1.16488209E-5 3.67787841E-4 1.20594666E-6 3.66581895E-4

109.82 0.180000305 3.48333589E-4 1.15662269E-5 3.67884582E-4 1.17381069E-6 3.66710767E-4

110.18 0.180000305 3.52942181E-4 1.16424881E-5 3.68097215E-4 1.25796078E-6 3.66839231E-4

110.540001 0.180000305 3.70992551E-4 1.19364895E-5 3.68259731E-4 1.29237674E-6 3.66967346E-4

110.900002 0.180000305 3.50637885E-4 1.16044203E-5 3.68375418E-4 1.28032912E-6 3.67095083E-4

111.260002 0.180000305 3.66383931E-4 1.18621183E-5 3.68550682E-4 1.32822902E-6 3.6722247E-4

111.620003 0.180000305 3.71760631E-4 1.19488395E-5 3.68708163E-4 1.35870084E-6 3.67349479E-4

111.980003 0.180000305 3.69072281E-4 1.19055576E-5 3.68913112E-4 1.43699356E-6 3.6747611E-4

112.339996 0.17999649 3.54101823E-4 1.1661723E-5 3.69100424E-4 1.49803634E-6 3.67602392E-4

112.699997 0.180000305 3.61775339E-4 1.17872778E-5 3.69368092E-4 1.63979757E-6 3.67728295E-4

113.059998 0.180000305 3.57166748E-4 1.17119589E-5 3.69710498E-4 1.85666522E-6 3.67853849E-4

113.419998 0.180000305 3.51021939E-4 1.16107731E-5 3.70072317E-4 2.09328459E-6 3.67979053E-4

113.779999 0.180000305 3.61775339E-4 1.17872778E-5 3.70271853E-4 2.16795365E-6 3.6810388E-4

114.139999 0.180000305 3.63311527E-4 1.18122771E-5 3.70198948E-4 1.97057648E-6 3.68228386E-4

114.5 0.180000305 3.67536093E-4 1.18807548E-5 3.7018233E-4 1.82981239E-6 3.68352514E-4

114.860001 0.180000305 3.75985197E-4 1.20165387E-5 3.7025928E-4 1.78296784E-6 3.68476321E-4

115.199997 0.159999847 3.90580128E-4 1.2990502E-5 3.70516413E-4 1.92347966E-6 3.68592911E-4

115.540001 0.180000305 3.82514059E-4 1.21204212E-5 3.70806461E-4 2.09726409E-6 3.6870921E-4

115.900002 0.180000305 3.69072281E-4 1.19055576E-5 3.71207454E-4 2.37544509E-6 3.68831999E-4

116.240005 0.159999847 3.89716035E-4 1.29761247E-5 3.71820031E-4 2.87234911E-6 3.68947687E-4

116.580002 0.180000305 3.66767985E-4 1.18683338E-5 3.72836512E-4 3.77346237E-6 3.69063026E-4

116.940002 0.180000305 3.58318881E-4 1.17308336E-5 3.74366617E-4 5.18176103E-6 3.69184854E-4

117.300003 0.180000305 3.72144685E-4 1.19550095E-5 3.75350472E-4 6.04411434E-6 3.69306334E-4

117.660004 0.17999649 3.68696055E-4 1.1899614E-5 3.75513948E-4 6.08644859E-6 3.69427493E-4

118.019997 0.180000305 3.46413319E-4 1.15343018E-5 3.75557109E-4 6.00877274E-6 3.69548332E-4

118.360001 0.159999847 3.89716035E-4 1.29761247E-5 3.7601692E-4 6.35477227E-6 3.69662128E-4

118.699997 0.180000305 3.59471043E-4 1.17496784E-5 3.76465876E-4 6.69023166E-6 3.69775662E-4

119.059998 0.180000305 3.79825709E-4 1.20777549E-5 3.76664655E-4 6.76911759E-6 3.69895541E-4

119.419998 0.180000305 3.82130005E-4 1.21143357E-5 3.76998447E-4 6.98335316E-6 3.70015099E-4

119.759995 0.159999847 3.9144425E-4 1.30048647E-5 3.78116558E-4 7.98884139E-6 3.70127702E-4

120.080002 0.159999847 3.97493073E-4 1.31049583E-5 3.79655685E-4 9.42223051E-6 3.70233436E-4

120.399994 0.159999847 4.0008541E-4 1.31476227E-5 3.8192753E-4 1.15885978E-5 3.70338938E-4

120.720001 0.159999847 3.95332783E-4 1.30692988E-5 3.85883672E-4 1.54394966E-5 3.70444177E-4

121.039993 0.159999847 3.98789241E-4 1.31263077E-5 3.92559508E-4 2.20103611E-5 3.70549154E-4

121.360001 0.159999847 4.01813653E-4 1.3175988E-5 4.03771264E-4 3.31173724E-5 3.70653899E-4

121.679993 0.159999847 4.03973943E-4 1.32113601E-5 4.17189935E-4 4.6431549E-5 3.70758382E-4

122 0.160003662 4.10445005E-4 1.3316595E-5 4.22279234E-4 5.14166059E-5 3.70862632E-4

122.320007 0.159999847 3.9360454E-4 1.30407007E-5 4.09660919E-4 3.86942884E-5 3.7096662E-4

122.639999 0.159999847 4.07862448E-4 1.32747919E-5 3.89307883E-4 1.82375079E-5 3.71070375E-4

122.980003 0.180000305 3.89042892E-4 1.22234214E-5 3.76393204E-4 5.21282664E-6 3.71180358E-4

123.339996 0.17999649 3.7484098E-4 1.19983679E-5 3.72741197E-4 1.44468163E-6 3.71296512E-4

123.679993 0.159999847 3.89716035E-4 1.29761247E-5 3.72445764E-4 1.0398187E-6 3.71405942E-4

124.019997 0.180000305 3.68688256E-4 1.18993621E-5 3.72683833E-4 1.05695119E-6 3.71626869E-4

124.379997 0.180000305 3.87122651E-4 1.21932171E-5 3.73420888E-4 1.02597926E-6 3.7239489E-4

124.739998 0.180000305 3.85970518E-4 1.21750591E-5 3.74345545E-4 1.11159886E-6 3.73233925E-4

125.099998 0.180000305 3.78289493E-4 1.20533059E-5 3.75224423E-4 1.15199725E-6 3.74072435E-4

125.459999 0.180000305 3.85586463E-4 1.21690009E-5 3.76102456E-4 1.19205151E-6 3.74910393E-4

125.800003 0.159999847 3.97060998E-4 1.30978342E-5 3.76975484E-4 1.27415467E-6 3.75701347E-4

126.139999 0.180000305 3.80977843E-4 1.20960585E-5 3.77791555E-4 1.29978889E-6 3.76491778E-4

126.479996 0.159999847 3.94036615E-4 1.30478556E-5 3.78581084E-4 1.29933142E-6 3.77281773E-4

126.82 0.180000305 3.74833035E-4 1.19981132E-5 3.79467267E-4 1.39599615E-6 3.78071272E-4

127.160004 0.159999847 3.96628951E-4 1.30907056E-5 3.8028814E-4 1.42783631E-6 3.78860306E-4

127.479996 0.159999847 3.96196905E-4 1.30835742E-5 3.81070509E-4 1.46798448E-6 3.79602512E-4

127.800003 0.159999847 3.92308371E-4 1.30192102E-5 3.81910329E-4 1.56601277E-6 3.80344311E-4

128.139999 0.18000412 3.8941871E-4 1.2229194E-5 3.82758939E-4 1.62694027E-6 3.81132006E-4

128.5 0.179992676 3.6716761E-4 1.18750486E-5 3.83636187E-4 1.67065548E-6 3.81965539E-4

128.859985 0.180000305 3.79825709E-4 1.20777549E-5 3.84546001E-4 1.74746185E-6 3.8279852E-4

129.199997 0.160003662 4.10445005E-4 1.3316595E-5 3.85423366E-4 1.83856866E-6 3.83584818E-4

129.540009 0.180000305 3.76369251E-4 1.2022675E-5 3.86274594E-4 1.90396963E-6 3.84370622E-4

129.880005 0.159996033 4.16081457E-4 1.34080374E-5 3.87121545E-4 1.96557039E-6 3.8515596E-4

130.199997 0.160003662 3.90570844E-4 1.29901928E-5 3.8797551E-4 2.08082088E-6 3.85894702E-4

130.540009 0.180000305 3.75217089E-4 1.20042587E-5 3.88930202E-4 2.25101257E-6 3.86679167E-4

130.899994 0.180000305 3.83282139E-4 1.21325847E-5 3.89735244E-4 2.22595645E-6 3.87509295E-4

131.26001 0.180000305 3.79057601E-4 1.20655359E-5 3.90783563E-4 2.44463467E-6 3.883389E-4

131.600006 0.159996033 3.97934607E-4 1.31123916E-5 3.91585228E-4 2.4632534E-6 3.89121968E-4

131.940002 0.180000305 3.75985197E-4 1.20165387E-5 3.92463815E-4 2.55923442E-6 3.8990457E-4

132.299988 0.180000305 3.81745951E-4 1.21082467E-5 3.93482682E-4 2.74993613E-6 3.90732748E-4

132.639999 0.160003662 3.99643817E-4 1.31402076E-5 3.94448725E-4 2.93426024E-6 3.91514448E-4

132.959991 0.159996033 3.91885667E-4 1.30123499E-5 3.95278767E-4 3.02899139E-6 3.92249756E-4

133.279999 0.160003662 3.91434936E-4 1.30045546E-5 3.96134099E-4 3.14941644E-6 3.92984686E-4

133.619995 0.180000305 3.77905439E-4 1.20471859E-5 3.97046766E-4 3.2816622E-6 3.93765105E-4

133.959991 0.159996033 4.00527031E-4 1.31550332E-5 3.98013624E-4 3.46851925E-6 3.94545088E-4

134.279999 0.160003662 3.89274675E-4 1.29686205E-5 3.98961827E-4 3.68301994E-6 3.95278796E-4

134.600006 0.159996033 3.99230805E-4 1.31337292E-5 3.99818469E-4 3.80635947E-6 3.96012125E-4

134.919998 0.160003662 4.18221869E-4 1.34421598E-5 4.00768651E-4 4.02361457E-6 3.96745047E-4

135.26001 0.180000305 3.82898113E-4 1.21265048E-5 4.01780388E-4 4.2570191E-6 3.9752337E-4

135.600006 0.159996033 4.0268735E-4 1.31904626E-5 4.03054175E-4 4.75292654E-6 3.98301258E-4

135.919998 0.160003662 4.17357776E-4 1.34282664E-5 4.04113642E-4 5.08065386E-6 3.99032986E-4

136.23999 0.159996033 4.07440093E-4 1.32680752E-5 4.05205326E-4 5.44099385E-6 3.99764336E-4

136.579987 0.180000305 3.89426947E-4 1.22294532E-5 4.06683015E-4 6.14204237E-6 4.00540972E-4

136.940002 0.180000305 3.79057601E-4 1.20655359E-5 4.08449851E-4 7.08703374E-6 4.01362835E-4

137.279999 0.160003662 4.1346933E-4 1.33655658E-5 4.10404376E-4 8.26577616E-6 4.02138598E-4

137.600006 0.159996033 4.02255275E-4 1.31833849E-5 4.12497029E-4 9.62868853E-6 4.02868347E-4

137.919998 0.160003662 4.09580913E-4 1.33025696E-5 4.1475796E-4 1.1160243E-5 4.03597718E-4

138.23999 0.159996033 3.90589441E-4 1.29908121E-5 4.17178497E-4 1.28517868E-5 4.04326711E-4

138.559998 0.160003662 3.92731075E-4 1.30260669E-5 4.19741176E-4 1.46858456E-5 4.05055325E-4

138.880005 0.159996033 4.13489062E-4 1.33662033E-5 4.22713842E-4 1.69302712E-5 4.05783561E-4

139.199997 0.160003662 3.96187446E-4 1.30832623E-5 4.25112434E-4 1.86009929E-5 4.06511448E-4

139.519989 0.159996033 4.3379626E-4 1.36904882E-5 4.28021303E-4 2.07823523E-5 4.07238957E-4

139.839996 0.160003662 4.32047382E-4 1.36625376E-5 4.30509361E-4 2.25432723E-5 4.07966087E-4

140.139999 0.13999939 4.66623897E-4 1.51792756E-5 4.33145178E-4 2.44977164E-5 4.08647466E-4

140.440002 0.160003662 4.23406425E-4 1.35252221E-5 4.36340953E-4 2.70124674E-5 4.09328495E-4

140.76001 0.159996033 4.42005548E-4 1.38194227E-5 4.39798721E-4 2.97441511E-5 4.10054578E-4

141.080002 0.160003662 4.46304941E-4 1.38861396E-5 4.43602679E-4 3.28223978E-5 4.10780282E-4

141.380005 0.13999939 4.52797976E-4 1.49527068E-5 4.47677594E-4 3.62172614E-5 4.11460322E-4

141.660004 0.13999939 4.52797976E-4 1.49527068E-5 4.52215085E-4 4.01203579E-5 4.12094727E-4

141.959991 0.159996033 4.3379626E-4 1.36904882E-5 4.57784743E-4 4.5010609E-5 4.12774127E-4

142.259995 0.13999939 4.73043037E-4 1.52833272E-5 4.65345074E-4 5.18918641E-5 4.13453236E-4

142.539993 0.13999939 4.80449788E-4 1.54025129E-5 4.73699125E-4 5.96123755E-5 4.14086768E-4

142.820007 0.140007019 4.7301728E-4 1.52824941E-5 4.8424711E-4 6.95270792E-5 4.14720038E-4

143.100006 0.13999939 5.09582926E-4 1.58626226E-5 4.99777612E-4 8.44245806E-5 4.15353017E-4

143.360001 0.119995117 5.31163998E-4 1.74929555E-5 5.21006586E-4 1.05066028E-4 4.15940536E-4

143.600006 0.120002747 5.32282342E-4 1.75108053E-5 5.4890319E-4 1.32420522E-4 4.16482653E-4

143.839996 0.120002747 5.99105726E-4 1.85774788E-5 5.90148557E-4 1.73123946E-4 4.17024596E-4

144.080002 0.119995117 6.11241907E-4 1.8765295E-5 6.37090357E-4 2.19524038E-4 4.17566305E-4

144.299988 9.99984741E-2 6.76784839E-4 2.16301378E-5 6.74153969E-4 2.5609124E-4 4.180627E-4

144.5 0.100006104 6.66364445E-4 2.14621541E-5 6.8625703E-4 2.67743162E-4 4.18513839E-4

144.700012 9.99984741E-2 6.65723986E-4 2.14526553E-5 6.67849614E-4 2.48884782E-4 4.18964861E-4

144.899994 9.99984741E-2 6.29776274E-4 2.08654183E-5 6.22039486E-4 2.02623778E-4 4.19415708E-4

145.119995 0.120002747 5.97377482E-4 1.85506651E-5 5.5674772E-4 1.36836272E-4 4.19911492E-4

145.380005 0.13999939 4.74524393E-4 1.53072378E-5 4.89440281E-4 6.89430817E-5 4.20497177E-4

145.679993 0.159996033 4.31203836E-4 1.36495191E-5 4.43826168E-4 2.26534576E-5 4.21172706E-4

146 0.160003662 4.37663984E-4 1.37510578E-5 4.26553626E-4 4.66068286E-6 4.21892939E-4

146.320007 0.159996033 4.20402153E-4 1.34774737E-5 4.23284451E-4 6.71647285E-7 4.22612822E-4

146.639999 0.160003662 4.37663984E-4 1.37510578E-5 4.23397927E-4 6.55793571E-8 4.23332327E-4

146.959991 0.159996033 3.91453592E-4 1.30051749E-5 4.24056314E-4 4.79053197E-9 4.24051512E-4

147.279999 0.160003662 4.15629591E-4 1.34004358E-5 4.24771133E-4 7.96543387E-10 4.24770347E-4

147.600006 0.159996033 4.19970078E-4 1.3470546E-5 4.25488863E-4 2.06085669E-11 4.25488834E-4

147.919998 0.160003662 4.07852727E-4 1.32744754E-5 4.26206971E-4 4.98890073E-14 4.26206971E-4

148.220001 0.13999939 4.53291781E-4 1.49608577E-5 4.26879938E-4 2.82542544E-13 4.26879938E-4

148.5 0.13999939 4.48353967E-4 1.48791487E-5 4.27507737E-4 0 4.27507737E-4

148.800003 0.160003662 4.47169034E-4 1.38995756E-5 4.28180123E-4 0 4.28180123E-4

149.100006 0.13999939 4.61192278E-4 1.50906726E-5 4.28852189E-4 0 4.28852189E-4

149.380005 0.13999939 4.5131665E-4 1.49282278E-5 4.29479172E-4 0 4.29479172E-4

149.660004 0.13999939 4.44403704E-4 1.48134568E-5 4.30105923E-4 0 4.30105923E-4

149.880005 8.00018311E-2 4.64882993E-4 2.00425293E-5 4.30598157E-4 0 4.30598157E-4

