144.746 144.7122094 144.8682302  FFFFFFFFF
144.695 144.6403877 144.734476  FFFFFFFFF
144.59 144.5616092 144.6475528  FFFFFFFFF
144.531 144.4857183 144.566664  FFFFFFFFF
144.438 144.3885941 144.4626954  FFFFFFFFF
144.29 144.2220417 144.3145797  FFFFFFFFF
144.293 144.2367994 144.3069578  FFFFFFFFF
144.181 144.1367699 144.2242365  FFFFFFFFF
144.17 144.1350332 144.2219357  FFFFFFFFF
143.998 143.9236686 144.0245183  FFFFFFFFF
143.983 143.9323422 144.0320721  FFFFFFFFF
143.926 143.8684051 143.9741792  FFFFFFFFF
143.957 143.8744785 143.9897774  FFFFFFFFF
143.818 143.7444577 143.8686228  FFFFFFFFF
143.894 143.8275356 143.9396792  FFFFFFFFF
143.73 143.6707664 143.7701977  FFFFFFFFF
143.736 143.6586288 143.7886933  FFFFFFFFF
143.69 143.6124498 143.7181505  FFFFFFFFF
143.56 143.4941744 143.5836099  FFFFFFFFF
143.546 143.4731253 143.5644132  FFFFFFFFF
143.518 143.460865 143.5459178  FFFFFFFFF
143.485 143.4423205 143.5270178  FFFFFFFFF
143.438 143.3731843 143.4686911  FFFFFFFFF
