144.463 144.3757281 144.5494196  FFFFFFFFF
144.365 144.3053929 144.4011481  FFFFFFFFF
144.251 144.2337857 144.3107119  FFFFFFFFF
144.184 144.1497626 144.2602026  FFFFFFFFF
144.099 144.0694271 144.1427594  FFFFFFFFF
143.905 143.8837606 143.9649563  FFFFFFFFF
143.946 143.9015009 143.9723058  FFFFFFFFF
143.838 143.8024099 143.8954042  FFFFFFFFF
143.824 143.802666 143.8868997  FFFFFFFFF
143.629 143.5961512 143.6897635  FFFFFFFFF
143.619 143.5674399 143.6634308  FFFFFFFFF
143.625 143.5413455 143.6551256  FFFFFFFFF
143.572 143.5448914 143.6640775  FFFFFFFFF
143.503 143.4327644 143.5427328  FFFFFFFFF
143.513 143.4734682 143.5834832  FFFFFFFFF
143.413 143.3695233 143.4650602  FFFFFFFFF
143.341 143.3120686 143.4293091  FFFFFFFFF
143.332 143.2796251 143.3827417  FFFFFFFFF
143.21 143.1676478 143.2541547  FFFFFFFFF
143.197 143.149536 143.231996  FFFFFFFFF
143.191 143.1347461 143.2217306  FFFFFFFFF
143.121 143.0869387 143.1728734  FFFFFFFFF
143.078 143.01204 143.1117557  FFFFFFFFF
