100.119995 0.119998932 3.64659587E-4 1.44939168E-5 3.68274108E-4 5.89337787E-6 3.62380728E-4
100.360001 0.120002747 3.76745302E-4 1.47319079E-5 3.69073707E-4 6.58648605E-6 3.62487219E-4
100.600006 0.119998932 3.85974592E-4 1.49114994E-5 3.6992284E-4 7.32936951E-6 3.62593477E-4
100.860001 0.13999939 3.51078925E-4 1.31664883E-5 3.70897149E-4 8.18881472E-6 3.6270835E-4
101.119995 0.119998932 3.76757293E-4 1.47323763E-5 3.72021022E-4 9.19807007E-6 3.62822961E-4
101.360001 0.120002747 3.6983256E-4 1.45961267E-5 3.73049465E-4 1.01209553E-5 3.6292852E-4
101.600006 0.119998932 3.88278917E-4 1.49559455E-5 3.74218391E-4 1.11845166E-5 3.63033847E-4
101.839996 0.119998932 3.64659587E-4 1.44939168E-5 3.75411939E-4 1.22729607E-5 3.63138999E-4
102.059998 0.100002289 4.3342993E-4 1.73095232E-5 3.7657615E-4 1.33409985E-5 3.63235158E-4
102.279999 0.119998932 3.77333374E-4 1.47436349E-5 3.78034922E-4 1.4703779E-5 3.63331143E-4
102.520004 0.119998932 3.9461581E-4 1.50774949E-5 3.79718171E-4 1.62825108E-5 3.63435654E-4
102.759995 0.119998932 4.00952704E-4 1.5198073E-5 3.81841877E-4 1.83019238E-5 3.63539963E-4
103 0.120002747 3.80777754E-4 1.48105382E-5 3.84419836E-4 2.07757785E-5 3.63644038E-4
103.240005 0.119998932 4.06713516E-4 1.5306865E-5 3.87618813E-4 2.38708981E-5 3.63747939E-4
103.479996 0.119998932 3.91159323E-4 1.50113174E-5 3.91895912E-4 2.8044331E-5 3.63851577E-4
103.720001 0.119998932 4.09593922E-4 1.53609726E-5 3.97526746E-4 3.35717014E-5 3.63955041E-4
103.959999 0.120002747 4.17069736E-4 1.55002745E-5 4.05840838E-4 4.17825613E-5 3.64058273E-4
104.199997 0.119998932 4.15930845E-4 1.54793433E-5 4.18711861E-4 5.45505573E-5 3.641613E-4
104.440002 0.119998932 4.22843819E-4 1.56074493E-5 4.39221971E-4 7.49578467E-5 3.64264124E-4
104.68 0.120002747 4.34351619E-4 1.58181538E-5 4.7013376E-4 1.05767009E-4 3.64366744E-4
104.900002 9.99984741E-2 4.81837604E-4 1.82509011E-5 5.02968673E-4 1.38508054E-4 3.64460633E-4
105.099998 9.99984741E-2 5.09489677E-4 1.8767294E-5 5.26165299E-4 1.61619464E-4 3.64545849E-4
105.300003 0.100002289 5.17765584E-4 1.89187431E-5 5.2835868E-4 1.6372776E-4 3.64630891E-4
105.479996 7.99980164E-2 5.56503539E-4 2.19293124E-5 5.09712147E-4 1.45004829E-4 3.64707317E-4
105.660004 0.100002289 5.30899793E-4 1.91571962E-5 4.75196401E-4 1.10412751E-4 3.64783627E-4
105.860001 9.99984741E-2 4.61789867E-4 1.78671853E-5 4.33318812E-4 6.84505067E-5 3.6486829E-4
106.080002 0.119998932 3.81942024E-4 1.48333993E-5 3.97739932E-4 3.27786511E-5 3.64961277E-4
106.339996 0.140003204 3.60944716E-4 1.33500225E-5 3.75826028E-4 1.0755125E-5 3.65070911E-4
106.600006 0.119998932 3.64659587E-4 1.44939168E-5 3.68319947E-4 3.13960413E-6 3.65180342E-4
106.860001 0.13999939 3.36265453E-4 1.28857209E-5 3.6664732E-4 1.35779658E-6 3.6528951E-4
107.139999 0.13999939 3.52066476E-4 1.31849938E-5 3.66515742E-4 1.10889289E-6 3.65406828E-4
107.399994 0.119998932 3.98072298E-4 1.51433842E-5 3.66586959E-4 1.07140613E-6 3.65515531E-4
107.639999 0.120002747 3.68680427E-4 1.45733738E-5 3.66621796E-4 1.00612908E-6 3.65615677E-4
107.880005 0.119998932 3.65235668E-4 1.45053609E-5 3.66833934E-4 1.11833106E-6 3.65715619E-4
108.119995 0.119998932 3.97496216E-4 1.5132423E-5 3.66951921E-4 1.1365612E-6 3.65815358E-4
108.360001 0.120002747 3.79625621E-4 1.47881146E-5 3.67015571E-4 1.10066742E-6 3.65914893E-4
108.600006 0.119998932 3.82518105E-4 1.48445815E-5 3.67150467E-4 1.13620536E-6 3.66014254E-4
108.860001 0.13999939 3.49597569E-4 1.31386814E-5 3.67276662E-4 1.15499574E-6 3.66121676E-4
109.139999 0.13999939 3.60954553E-4 1.33503863E-5 3.67391767E-4 1.15464616E-6 3.66237102E-4
109.419998 0.13999939 3.45647306E-4 1.30642411E-5 3.6753912E-4 1.1868417E-6 3.66352266E-4
109.68 0.120002747 3.65800108E-4 1.45163349E-5 3.67637433E-4 1.17844536E-6 3.66458989E-4
109.940002 0.13999939 3.37253034E-4 1.29046284E-5 3.67739936E-4 1.17443608E-6 3.6656548E-4
110.199997 0.119998932 3.60050937E-4 1.44020369E-5 3.67909815E-4 1.23804455E-6 3.66671768E-4
110.440002 0.119998932 3.61779181E-4 1.44365604E-5 3.68035369E-4 1.26572229E-6 3.66769673E-4
110.68 0.120002747 3.6349587E-4 1.44705418E-5 3.68124282E-4 1.25689564E-6 3.66867374E-4
110.919998 0.119998932 3.72724724E-4 1.46533212E-5 3.68210516E-4 1.24561052E-6 3.66964901E-4
111.18 0.13999939 3.48610018E-4 1.31201105E-5 3.68346402E-4 1.27605369E-6 3.67070345E-4
111.440002 0.119998932 3.80789861E-4 1.48110094E-5 3.68503184E-4 1.32760601E-6 3.67175584E-4
111.68 0.120002747 3.6349587E-4 1.44705418E-5 3.68631328E-4 1.35880396E-6 3.67272529E-4
111.919998 0.119998932 3.73876886E-4 1.46759512E-5 3.68769572E-4 1.40027828E-6 3.67369299E-4
112.18 0.13999939 3.52066476E-4 1.31849938E-5 3.68902227E-4 1.42831982E-6 3.67473898E-4
112.440002 0.119998932 3.612031E-4 1.44250616E-5 3.69075307E-4 1.49697769E-6 3.67578323E-4
112.699997 0.13999939 3.56510514E-4 1.32679479E-5 3.69310874E-4 1.62836966E-6 3.67682514E-4
112.959999 0.120002747 3.6983256E-4 1.45961267E-5 3.69515066E-4 1.72855493E-6 3.67786502E-4
113.220001 0.13999939 3.47622437E-4 1.3101514E-5 3.69785324E-4 1.89505602E-6 3.67890287E-4
113.5 0.13999939 3.48610018E-4 1.31201105E-5 3.70139169E-4 2.13734688E-6 3.68001813E-4
113.759995 0.119998932 3.70420399E-4 1.46079547E-5 3.70265596E-4 2.16043691E-6 3.6810516E-4
114 0.120002747 3.67528293E-4 1.45505846E-5 3.70213966E-4 2.01360581E-6 3.68200359E-4
114.260002 0.13999939 3.50091344E-4 1.31479565E-5 3.70146765E-4 1.84344992E-6 3.68303299E-4
114.520004 0.119998932 3.90583242E-4 1.50002588E-5 3.7018588E-4 1.77981588E-6 3.68406065E-4
114.779999 0.13999939 3.54535383E-4 1.32311434E-5 3.70194961E-4 1.68637121E-6 3.68508598E-4
115.040001 0.120002747 3.92299029E-4 1.50329315E-5 3.70420166E-4 1.80925326E-6 3.68610927E-4
115.279999 0.119998932 3.87126755E-4 1.49337393E-5 3.70593159E-4 1.88793911E-6 3.68705194E-4
115.520004 0.119998932 3.91735404E-4 1.50223668E-5 3.7079808E-4 1.99877468E-6 3.68799316E-4
115.759995 0.119998932 3.64659587E-4 1.44939168E-5 3.71053087E-4 2.15981981E-6 3.68893263E-4
116 0.120002747 3.74441064E-4 1.46867869E-5 3.71388742E-4 2.40172176E-6 3.68987035E-4
116.240005 0.119998932 3.86550673E-4 1.49226234E-5 3.71783361E-4 2.70274222E-6 3.69080633E-4
116.479996 0.119998932 3.64659587E-4 1.44939168E-5 3.72506329E-4 3.33227695E-6 3.69174057E-4
116.720001 0.119998932 3.7099648E-4 1.46193088E-5 3.73345887E-4 4.07856578E-6 3.69267305E-4
116.959999 0.120002747 3.60615551E-4 1.44130963E-5 3.74502153E-4 5.14173826E-6 3.69360409E-4
117.199997 0.119998932 3.62931343E-4 1.44595306E-5 3.75145348E-4 5.69202393E-6 3.69453337E-4
117.440002 0.119998932 3.85398511E-4 1.49003672E-5 3.75507138E-4 5.96104655E-6 3.69546091E-4
117.68 0.120002747 3.65224056E-4 1.45048998E-5 3.75545904E-4 5.90723494E-6 3.6963867E-4
117.940002 0.13999939 3.42684623E-4 1.30081307E-5 3.75465926E-4 5.72712497E-6 3.69738787E-4
118.199997 0.119998932 3.84246348E-4 1.48780782E-5 3.75763135E-4 5.92440119E-6 3.6983873E-4
118.440002 0.119998932 3.77333374E-4 1.47436349E-5 3.76074837E-4 6.14404644E-6 3.69930785E-4
118.699997 0.13999939 3.51078925E-4 1.31664883E-5 3.76375945E-4 6.34559092E-6 3.7003035E-4
118.959999 0.120002747 3.79049568E-4 1.47768906E-5 3.76605865E-4 6.47614661E-6 3.7012971E-4
119.199997 0.119998932 3.81942024E-4 1.48333993E-5 3.76578479E-4 6.35720426E-6 3.70221271E-4
119.440002 0.119998932 3.72148643E-4 1.46419925E-5 3.76857206E-4 6.54455971E-6 3.70312657E-4
119.68 0.120002747 3.91722948E-4 1.50218893E-5 3.77575285E-4 7.17138664E-6 3.70403897E-4
119.919998 0.119998932 4.04409191E-4 1.5263442E-5 3.78534547E-4 8.03957209E-6 3.70494963E-4
120.160004 0.119998932 3.96920135E-4 1.51214535E-5 3.79739242E-4 9.1533575E-6 3.70585884E-4
120.399994 0.119998932 4.00952704E-4 1.5198073E-5 3.81332793E-4 1.06561847E-5 3.70676629E-4
120.639999 0.120002747 4.01516038E-4 1.5208504E-5 3.83770006E-4 1.30028029E-5 3.70767229E-4
120.880005 0.119998932 3.92311485E-4 1.5033409E-5 3.87642911E-4 1.67852577E-5 3.70857655E-4
121.119995 0.119998932 3.92887567E-4 1.5044443E-5 3.92976945E-4 2.20290203E-5 3.70947935E-4
121.360001 0.120002747 4.13613365E-4 1.54359132E-5 4.01241559E-4 3.02035151E-5 3.71038041E-4
121.600006 0.119998932 3.92887567E-4 1.5044443E-5 4.11990302E-4 4.08622946E-5 3.7112803E-4
121.839996 0.119998932 4.06137435E-4 1.5296022E-5 4.21138684E-4 4.99208581E-5 3.71217815E-4
122.080002 0.119998932 4.11898247E-4 1.54041209E-5 4.21219651E-4 4.99121743E-5 3.71307484E-4
122.32 0.120002747 3.99211771E-4 1.5164801E-5 4.08621534E-4 3.72245559E-5 3.71396978E-4
122.559998 0.119998932 3.88278917E-4 1.49559455E-5 3.91642854E-4 2.01565381E-5 3.71486327E-4
122.800003 0.119998932 4.22267738E-4 1.55968137E-5 3.79395409E-4 7.81990184E-6 3.7157553E-4
123.040001 0.120002747 3.78473516E-4 1.47656574E-5 3.74314928E-4 2.65037056E-6 3.71664559E-4
123.279999 0.119998932 3.75029049E-4 1.46985476E-5 3.72968178E-4 1.21474136E-6 3.71753442E-4
123.520004 0.119998932 3.75029049E-4 1.46985476E-5 3.72889248E-4 1.04706828E-6 3.71842179E-4
123.759995 0.119998932 3.92887567E-4 1.5044443E-5 3.72936629E-4 1.00586135E-6 3.71930772E-4
124.020004 0.140003204 3.6390734E-4 1.34046986E-5 3.73185438E-4 1.07078222E-6 3.7211465E-4
124.279999 0.119998932 3.81365942E-4 1.4822208E-5 3.73681163E-4 1.01948217E-6 3.72661685E-4
124.520004 0.119998932 3.83094186E-4 1.48557556E-5 3.74262687E-4 1.0505745E-6 3.73212097E-4
124.759995 0.119998932 3.9461581E-4 1.50774949E-5 3.74886702E-4 1.12442081E-6 3.73762276E-4
125 0.120002747 3.68680427E-4 1.45733738E-5 3.75472562E-4 1.16033277E-6 3.74312222E-4
125.240005 0.119998932 3.97496216E-4 1.5132423E-5 3.7602798E-4 1.16606304E-6 3.74861906E-4
125.479996 0.119998932 3.8482243E-4 1.48892268E-5 3.76617158E-4 1.20581922E-6 3.75411328E-4
125.720001 0.119998932 3.97496216E-4 1.5132423E-5 3.77221033E-4 1.26051725E-6 3.75960517E-4
125.959999 0.120002747 3.82505939E-4 1.48441095E-5 3.77799734E-4 1.29025682E-6 3.76509473E-4
126.199997 0.119998932 3.83670267E-4 1.48669205E-5 3.78362252E-4 1.30407454E-6 3.77058168E-4
126.440002 0.119998932 4.04985272E-4 1.52743087E-5 3.78873636E-4 1.26701059E-6 3.7760663E-4
126.68 0.120002747 3.77897435E-4 1.4754416E-5 3.79556732E-4 1.40189968E-6 3.78154829E-4
126.919998 0.119998932 3.69844318E-4 1.45965905E-5 3.80131038E-4 1.42823387E-6 3.78702796E-4
127.160004 0.119998932 3.89431079E-4 1.4978119E-5 3.80654354E-4 1.40384725E-6 3.79250501E-4
127.399994 0.119998932 3.98648379E-4 1.51543381E-5 3.81260237E-4 1.46224397E-6 3.79797973E-4
127.639999 0.120002747 3.8941871E-4 1.49776424E-5 3.81876249E-4 1.53103042E-6 3.80345213E-4
127.880005 0.119998932 4.07865678E-4 1.53285309E-5 3.82500759E-4 1.60854268E-6 3.80892219E-4
128.119995 0.120002747 3.8596231E-4 1.49110256E-5 3.83046834E-4 1.60785498E-6 3.81438964E-4
128.360001 0.119995117 3.72736569E-4 1.46537868E-5 3.83653562E-4 1.66806626E-6 3.81985476E-4
128.600006 0.120002747 3.6983256E-4 1.45961267E-5 3.84216866E-4 1.68511122E-6 3.82531754E-4
128.839996 0.120002747 3.78473516E-4 1.47656574E-5 3.84842308E-4 1.76452079E-6 3.83077801E-4
129.080002 0.119995117 4.02117672E-4 1.52203775E-5 3.85409105E-4 1.7855325E-6 3.83623585E-4
129.320007 0.120002747 3.93451133E-4 1.50549895E-5 3.86078318E-4 1.90919559E-6 3.84169136E-4
129.559998 0.119995117 3.77921475E-4 1.47553546E-5 3.86584899E-4 1.87044589E-6 3.84714454E-4
129.799988 0.120002747 4.00363904E-4 1.51866689E-5 3.87244421E-4 1.98489511E-6 3.85259511E-4
130.040009 0.120002747 4.17069736E-4 1.55002745E-5 3.8782481E-4 2.02044293E-6 3.85804364E-4
130.279999 0.119995117 3.79649777E-4 1.47890551E-5 3.88448563E-4 2.09957557E-6 3.86348984E-4
130.519989 0.120002747 3.79049568E-4 1.47768906E-5 3.89156718E-4 2.26336374E-6 3.86893342E-4
130.76001 0.120002747 3.99211771E-4 1.5164801E-5 3.89668217E-4 2.23073857E-6 3.87437496E-4
131 0.119995117 3.66399472E-4 1.4528684E-5 3.90256813E-4 2.27541045E-6 3.87981388E-4
131.23999 0.120002747 3.76745302E-4 1.47319079E-5 3.90975474E-4 2.45042133E-6 3.88525048E-4
131.480011 0.120002747 3.93451133E-4 1.50549895E-5 3.91564594E-4 2.4961073E-6 3.89068504E-4
131.720001 0.119995117 3.79073666E-4 1.47778301E-5 3.92078073E-4 2.46636819E-6 3.89611698E-4
131.959991 0.120002747 3.92875081E-4 1.50439646E-5 3.92758695E-4 2.6040284E-6 3.90154659E-4
132.200012 0.120002747 3.67528293E-4 1.45505846E-5 3.93429684E-4 2.73227693E-6 3.90697416E-4
132.440002 0.119995117 3.83106351E-4 1.48562276E-5 3.94032628E-4 2.79271626E-6 3.91239912E-4
132.679993 0.120002747 4.13037284E-4 1.54251611E-5 3.94741422E-4 2.95925747E-6 3.91782174E-4
132.919998 0.119995117 3.78497556E-4 1.47665969E-5 3.95323441E-4 2.99924409E-6 3.92324204E-4
133.160004 0.120002747 3.89994762E-4 1.49887164E-5 3.96007847E-4 3.14183717E-6 3.9286603E-4
133.399994 0.120002747 3.86538391E-4 1.49221487E-5 3.96623625E-4 3.21601624E-6 3.93407623E-4
133.639999 0.119995117 3.92900052E-4 1.50449205E-5 3.97226366E-4 3.27741509E-6 3.93948954E-4
133.880005 0.120002747 3.88842629E-4 1.49665602E-5 3.97933734E-4 3.44365753E-6 3.94490082E-4
134.119995 0.120002747 4.07276675E-4 1.5317215E-5 3.98604607E-4 3.57360955E-6 3.95031006E-4
134.360001 0.119995117 3.8195416E-4 1.48338704E-5 3.99325014E-4 3.75336344E-6 3.95571667E-4
134.600006 0.120002747 4.07852727E-4 1.53280434E-5 3.99879122E-4 3.76700746E-6 3.96112096E-4
134.839996 0.120002747 4.00363904E-4 1.51866689E-5 4.00547113E-4 3.89476827E-6 3.96652322E-4
135.080002 0.119995117 3.88867367E-4 1.49675116E-5 4.01426456E-4 4.23414804E-6 3.97192314E-4
135.320007 0.120002747 4.05548461E-4 1.52846824E-5 4.0207131E-4 4.33923196E-6 3.97732074E-4
135.559998 0.119995117 4.16520139E-4 1.5490552E-5 4.03035549E-4 4.7639378E-6 3.9827163E-4
135.799988 0.120002747 3.78473516E-4 1.47656574E-5 4.03751619E-4 4.9406749E-6 3.98810924E-4
136.019989 9.99984741E-2 4.41050797E-4 1.74613688E-5 4.04536811E-4 5.23170638E-6 3.99305107E-4
136.23999 0.120002747 4.14765469E-4 1.54573972E-5 4.05187864E-4 5.38877021E-6 3.99799115E-4
136.480011 0.120002747 3.98635719E-4 1.51538561E-5 4.06290346E-4 5.95255278E-6 4.00337798E-4
136.720001 0.119995117 3.68703884E-4 1.45742997E-5 4.07391111E-4 6.51486516E-6 4.00876248E-4
136.959991 0.120002747 3.83082021E-4 1.48552836E-5 4.0845669E-4 7.04219474E-6 4.01414494E-4
137.200012 0.120002747 4.03820275E-4 1.52520815E-5 4.09930537E-4 7.97800749E-6 4.01952537E-4
137.440002 0.119995117 3.98084958E-4 1.51438653E-5 4.11375862E-4 8.88555041E-6 4.02490317E-4
137.679993 0.120002747 4.18221869E-4 1.55216694E-5 4.13104048E-4 1.00761572E-5 4.03027894E-4
137.919998 0.119995117 4.07878659E-4 1.53290184E-5 4.14778682E-4 1.12134376E-5 4.03565238E-4
138.160004 0.120002747 3.93451133E-4 1.50549895E-5 4.16506198E-4 1.24038261E-5 4.04102379E-4
138.399994 0.120002747 3.84810206E-4 1.48887539E-5 4.18401585E-4 1.37622983E-5 4.04639286E-4
138.639999 0.119995117 3.98084958E-4 1.51438653E-5 4.20461613E-4 1.52856064E-5 4.0517599E-4
138.880005 0.120002747 4.17069736E-4 1.55002745E-5 4.2254242E-4 1.68299393E-5 4.05712461E-4
139.119995 0.120002747 4.03244223E-4 1.52411985E-5 4.24630533E-4 1.83817774E-5 4.06248728E-4
139.360001 0.119995117 4.09606961E-4 1.53614601E-5 4.26598941E-4 1.98141552E-5 4.06784791E-4
139.579987 9.99984741E-2 4.36211674E-4 1.73653134E-5 4.28271393E-4 2.09954396E-5 4.07275948E-4
139.799988 0.120002747 4.22254292E-4 1.55963189E-5 4.30067535E-4 2.23005845E-5 4.07766958E-4
140.019989 9.99984741E-2 4.69394174E-4 1.80136958E-5 4.32002009E-4 2.37442273E-5 4.08257794E-4
140.220001 0.100006104 4.50694642E-4 1.76505637E-5 4.33821551E-4 2.51177244E-5 4.0870384E-4
140.440002 0.119995117 4.28042142E-4 1.57033428E-5 4.36339673E-4 2.71453646E-5 4.09194326E-4
140.660004 9.99984741E-2 4.40359494E-4 1.74476772E-5 4.38430841E-4 2.87462572E-5 4.0968461E-4
140.860001 0.100006104 4.46547143E-4 1.75691621E-5 4.41083976E-4 3.09537936E-5 4.1013016E-4
141.059998 9.99984741E-2 4.4381601E-4 1.75160203E-5 4.43353318E-4 3.27777088E-5 4.10575594E-4
141.26001 9.99984741E-2 4.45198588E-4 1.75432833E-5 4.45624726E-4 3.46038687E-5 4.11020854E-4
141.459991 9.99984741E-2 4.47272498E-4 1.7584096E-5 4.48778272E-4 3.73123112E-5 4.11465968E-4
141.660004 9.99984741E-2 4.56950744E-4 1.77733236E-5 4.52202366E-4 4.02914229E-5 4.11910936E-4
141.880005 0.120002747 4.20526107E-4 1.55643702E-5 4.55963629E-4 4.3563392E-5 4.1240023E-4
142.100006 9.99984741E-2 4.57642047E-4 1.77867623E-5 4.60839598E-4 4.79502378E-5 4.12889378E-4
142.299988 9.99984741E-2 4.84602817E-4 1.83031952E-5 4.66261961E-4 5.29280842E-5 4.13333852E-4
142.5 0.100006104 4.8663959E-4 1.83409193E-5 4.72142943E-4 5.83647234E-5 4.13778238E-4
142.700012 9.99984741E-2 4.56950744E-4 1.77733236E-5 4.78884409E-4 6.46619592E-5 4.1422245E-4
142.899994 9.99984741E-2 5.09489677E-4 1.8767294E-5 4.8796786E-4 7.33013585E-5 4.14666516E-4
143.100006 9.99984741E-2 4.99811489E-4 1.85881891E-5 4.99038666E-4 8.39282438E-5 4.15110408E-4
143.299988 9.99984741E-2 5.06724522E-4 1.87162968E-5 5.14557876E-4 9.90037297E-5 4.15554183E-4
143.479996 8.00018311E-2 5.53020625E-4 2.18600599E-5 5.33248065E-4 1.17294614E-4 4.15953458E-4
143.660004 9.99984741E-2 5.39907021E-4 1.93193919E-5 5.57005522E-4 1.40652905E-4 4.16352588E-4
143.839996 8.00018311E-2 5.87584451E-4 2.25328349E-5 5.88884635E-4 1.72133019E-4 4.16751631E-4
144 8.00018311E-2 6.0313812E-4 2.28291156E-5 6.20768173E-4 2.03661912E-4 4.17106232E-4
144.160004 8.00018311E-2 6.56711985E-4 2.38214488E-5 6.52043498E-4 2.34582738E-4 4.17460746E-4
144.320007 7.99942017E-2 6.67144777E-4 2.40110658E-5 6.77302189E-4 2.59487017E-4 4.17815172E-4
144.479996 8.00018311E-2 6.7140162E-4 2.40863992E-5 6.87856402E-4 2.69686949E-4 4.18169482E-4
144.639999 8.00018311E-2 6.56711985E-4 2.38214488E-5 6.79075834E-4 2.60552129E-4 4.18523705E-4
144.800003 8.00018311E-2 6.49799244E-4 2.36957403E-5 6.51465787E-4 2.32587947E-4 4.1887784E-4
144.959991 7.99942017E-2 6.39491132E-4 2.35081607E-5 6.06805203E-4 1.87573329E-4 4.19231888E-4
145.119995 8.00018311E-2 5.83263987E-4 2.24498399E-5 5.58953441E-4 1.39367592E-4 4.1958582E-4
145.299988 9.99984741E-2 5.19859255E-4 1.89573166E-5 5.08450263E-4 8.84663241E-5 4.19983931E-4
145.5 0.100006104 4.41708398E-4 1.74737143E-5 4.66789148E-4 4.63630422E-5 4.20426106E-4
145.720001 0.119995117 4.25737759E-4 1.56610167E-5 4.3985821E-4 1.89458551E-5 4.20912344E-4
145.940002 9.99984741E-2 4.53494227E-4 1.77059756E-5 4.27595223E-4 6.1968376E-6 4.21398407E-4
146.160004 0.120002747 4.28591011E-4 1.57129089E-5 4.23652411E-4 1.7681092E-6 4.21884295E-4
146.399994 0.120002747 4.24558559E-4 1.5638816E-5 4.22775862E-4 3.61701581E-7 4.22414159E-4
146.639999 0.119995117 4.29770444E-4 1.57350132E-5 4.23002581E-4 5.87577702E-8 4.2294382E-4
146.880005 0.120002747 3.86538391E-4 1.49221487E-5 4.23482474E-4 9.196647E-9 4.23473277E-4
147.119995 0.120002747 4.15917602E-4 1.54788504E-5 4.24004451E-4 1.87981941E-9 4.24002559E-4
147.360001 0.119995117 4.20552853E-4 1.55653597E-5 4.24531667E-4 4.88407093E-11 4.24531609E-4
147.600006 0.120002747 4.17069736E-4 1.55002745E-5 4.25060483E-4 2.74171137E-11 4.25060454E-4
147.839996 0.120002747 3.98635719E-4 1.51538561E-5 4.25589125E-4 6.39306994E-14 4.25589125E-4
148.059998 9.99984741E-2 4.35520371E-4 1.73515473E-5 4.2607353E-4 3.81883598E-13 4.2607353E-4
148.26001 9.99984741E-2 4.48655104E-4 1.76112535E-5 4.26513754E-4 4.51129695E-16 4.26513754E-4
148.459991 9.99984741E-2 4.56950744E-4 1.77733236E-5 4.26953862E-4 0 4.26953862E-4
148.660004 9.99984741E-2 4.54185531E-4 1.77194652E-5 4.27393796E-4 0 4.27393796E-4
148.860001 0.100006104 4.32030909E-4 1.72812361E-5 4.27833642E-4 0 4.27833642E-4
149.059998 9.99984741E-2 4.61098563E-4 1.78538066E-5 4.28273313E-4 0 4.28273313E-4
149.26001 9.99984741E-2 4.55568137E-4 1.77464153E-5 4.28712839E-4 0 4.28712839E-4
149.459991 9.99984741E-2 4.45889891E-4 1.75568985E-5 4.29152249E-4 0 4.29152249E-4
149.660004 9.99984741E-2 4.34137764E-4 1.73239823E-5 4.29591484E-4 0 4.29591484E-4
149.860001 0.100006104 4.74888366E-4 1.81181204E-5 4.30030632E-4 0 4.30030632E-4
