100.160004 0.159999847 3.85911233E-4 1.5101873E-5 4.04431194E-4 6.15097133E-6 3.98280215E-4
100.479996 0.159999847 3.94184957E-4 1.52629036E-5 4.05414088E-4 7.0852816E-6 3.9832879E-4
100.779999 0.13999939 4.26183862E-4 1.69661125E-5 4.06483538E-4 8.10932852E-6 3.98374221E-4
101.080002 0.159999847 4.19006217E-4 1.57361083E-5 4.07638872E-4 9.21938135E-6 3.98419477E-4
101.399994 0.159999847 4.11914429E-4 1.56023707E-5 4.08934895E-4 1.04672527E-5 3.98467644E-4
101.699997 0.13999939 4.42393706E-4 1.72857526E-5 4.10404289E-4 1.18916414E-5 3.98512668E-4
101.979996 0.140003204 4.2414607E-4 1.69252708E-5 4.11781773E-4 1.3227228E-5 3.98554548E-4
102.279999 0.159999847 4.17824253E-4 1.57138984E-5 4.13623144E-4 1.50238229E-5 3.9859931E-4
102.600006 0.159999847 4.06595587E-4 1.55013113E-5 4.16011986E-4 1.73650587E-5 3.98646924E-4
102.900002 0.13999939 4.282101E-4 1.70063959E-5 4.1887784E-4 2.01863968E-5 3.98691453E-4
103.18 0.13999939 4.64006851E-4 1.77029651E-5 4.2249306E-4 2.3760178E-5 3.98732867E-4
103.459999 0.13999939 4.34288784E-4 1.71266784E-5 4.27510327E-4 2.87361454E-5 3.98774195E-4
103.739998 0.13999939 4.34288784E-4 1.71266784E-5 4.34576767E-4 3.57613608E-5 3.98815406E-4
104.020004 0.140003204 4.43732453E-4 1.73116514E-5 4.45838377E-4 4.69818588E-5 3.988565E-4
104.300003 0.13999939 4.6873471E-4 1.77929269E-5 4.65336896E-4 6.64393738E-5 3.98897508E-4
104.559998 0.119998932 4.94064821E-4 1.97310492E-5 4.95079672E-4 9.61441692E-5 3.98935488E-4
104.800003 0.119998932 4.98004782E-4 1.98095659E-5 5.3060858E-4 1.31638139E-4 3.98970471E-4
105.040001 0.120002747 5.48418204E-4 2.07877383E-5 5.59484644E-4 1.60479292E-4 3.99005366E-4
105.279999 0.119998932 5.31100028E-4 2.04572079E-5 5.60532091E-4 1.61491931E-4 3.99040175E-4
105.520004 0.119998932 5.56315412E-4 2.09372083E-5 5.27402968E-4 1.28328058E-4 3.99074925E-4
105.759995 0.119998932 5.09824487E-4 2.00432696E-5 4.77270805E-4 7.81612107E-5 3.99109587E-4
106.039993 0.159999847 4.10141482E-4 1.55687576E-5 4.31113702E-4 3.19637584E-5 3.99149954E-4
106.360001 0.159999847 4.0718657E-4 1.55125726E-5 4.06982377E-4 7.78644426E-6 3.99195938E-4
106.679993 0.159999847 4.07777552E-4 1.55238267E-5 4.01199039E-4 1.95724124E-6 3.99241777E-4
107 0.160003662 3.74673633E-4 1.4880191E-5 4.00415302E-4 1.12779128E-6 3.99287528E-4
107.320007 0.159999847 4.09550499E-4 1.55575362E-5 4.00425517E-4 1.09239659E-6 3.99333105E-4
107.639999 0.159999847 4.04231658E-4 1.5456184E-5 4.0040465E-4 1.0260859E-6 3.99378565E-4
107.960007 0.159999847 3.99503799E-4 1.5365531E-5 4.00534977E-4 1.11106317E-6 3.99423909E-4
108.279999 0.159999847 3.87093198E-4 1.51249824E-5 4.00567107E-4 1.09799805E-6 3.99469107E-4
108.600006 0.159999847 3.93593975E-4 1.52514567E-5 4.00653633E-4 1.13945214E-6 3.99514189E-4
108.919998 0.159999847 4.01867728E-4 1.54109239E-5 4.00728139E-4 1.16899992E-6 3.99559125E-4
109.240005 0.159999847 3.95366922E-4 1.52857683E-5 4.00765333E-4 1.16136027E-6 3.99603974E-4
109.559998 0.159999847 3.72909621E-4 1.48452973E-5 4.00837191E-4 1.18852506E-6 3.99648648E-4
109.880005 0.159999847 4.07777552E-4 1.55238267E-5 4.00864665E-4 1.17144555E-6 3.99693236E-4
110.199997 0.159999847 3.97730852E-4 1.53313977E-5 4.00979101E-4 1.24142343E-6 3.99737677E-4
110.520004 0.159999847 3.81183374E-4 1.500908E-5 4.0106324E-4 1.28124418E-6 3.99782002E-4
110.839996 0.159999847 3.95957904E-4 1.52971879E-5 4.01070196E-4 1.24398844E-6 3.99826182E-4
111.139999 0.13999939 4.22806828E-4 1.6898759E-5 4.01145342E-4 1.27782266E-6 3.99867509E-4
111.440002 0.159999847 3.86502215E-4 1.51134318E-5 4.01224621E-4 1.31588638E-6 3.99908749E-4
111.759995 0.159999847 4.195972E-4 1.57472023E-5 4.01331752E-4 1.37916095E-6 3.9995258E-4
112.080002 0.159999847 4.04231658E-4 1.5456184E-5 4.0140943E-4 1.41312626E-6 3.99996323E-4
112.399994 0.159999847 3.81774356E-4 1.50207106E-5 4.01548517E-4 1.50861172E-6 4.0003992E-4
112.720001 0.159999847 3.99503799E-4 1.5365531E-5 4.01747558E-4 1.66416123E-6 4.00083401E-4
113.039993 0.159999847 4.03640675E-4 1.54448808E-5 4.01972211E-4 1.84543171E-6 4.00126766E-4
113.360001 0.159999847 3.98321834E-4 1.53427845E-5 4.02200618E-4 2.03059039E-6 4.00170044E-4
113.679993 0.159999847 3.90048081E-4 1.51826016E-5 4.02383099E-4 2.16992521E-6 4.00213175E-4
114 0.160003662 4.06585896E-4 1.5500942E-5 4.02222679E-4 1.96650194E-6 4.00256191E-4
114.320007 0.159999847 4.00094781E-4 1.53768924E-5 4.02086938E-4 1.78785115E-6 4.0029909E-4
114.639999 0.159999847 3.80001409E-4 1.49857924E-5 4.02064994E-4 1.72313423E-6 4.00341873E-4
114.960007 0.159999847 3.88866116E-4 1.51595805E-5 4.02181264E-4 1.79672952E-6 4.00384539E-4
115.300003 0.180000305 3.67721135E-4 1.38985524E-5 4.02325299E-4 1.89554453E-6 4.00429766E-4
115.639999 0.159999847 4.21370147E-4 1.57804352E-5 4.02594625E-4 2.11978772E-6 4.00474848E-4
115.960007 0.159999847 3.86502215E-4 1.51134318E-5 4.02958394E-4 2.44122657E-6 4.00517165E-4
116.279999 0.159999847 4.13687376E-4 1.56359129E-5 4.03498678E-4 2.93930452E-6 4.00559366E-4
116.600006 0.159999847 4.16642288E-4 1.56916558E-5 4.04503226E-4 3.90175364E-6 4.0060145E-4
116.900002 0.13999939 4.2550845E-4 1.69526629E-5 4.05787694E-4 5.14687827E-6 4.00640827E-4
117.18 0.13999939 4.3091175E-4 1.70599596E-5 4.06471285E-4 5.79379866E-6 4.00677469E-4
117.479996 0.159999847 4.15460323E-4 1.56693823E-5 4.06659936E-4 5.94329413E-6 4.00716643E-4
117.800003 0.159999847 4.01867728E-4 1.54109239E-5 4.06517094E-4 5.75875674E-6 4.00758319E-4
118.119995 0.159999847 3.9241201E-4 1.52285402E-5 4.06664156E-4 5.86424585E-6 4.00799909E-4
118.440002 0.159999847 4.01867728E-4 1.54109239E-5 4.07058251E-4 6.2168865E-6 4.00841353E-4
118.759995 0.159999847 4.03049693E-4 1.54335703E-5 4.07264772E-4 6.38205211E-6 4.00882709E-4
119.080002 0.159999847 4.11914429E-4 1.56023707E-5 4.07334068E-4 6.41009501E-6 4.00923978E-4
119.399994 0.159999847 4.20779164E-4 1.57693648E-5 4.07520798E-4 6.55568419E-6 4.00965102E-4
119.720001 0.159999847 3.7763748E-4 1.49391071E-5 4.0846935E-4 7.46319574E-6 4.01006138E-4
120.020004 0.140003204 4.47784812E-4 1.7390521E-5 4.0982943E-4 8.78489573E-6 4.01044526E-4
120.300003 0.13999939 4.282101E-4 1.70063959E-5 4.11515153E-4 1.04348765E-5 4.01080266E-4
120.600006 0.159999847 4.20779164E-4 1.57693648E-5 4.14397655E-4 1.32791956E-5 4.0111845E-4
120.919998 0.159999847 4.11914429E-4 1.56023707E-5 4.2004406E-4 1.88849499E-5 4.01159108E-4
121.220001 0.13999939 4.39016672E-4 1.72196505E-5 4.28470317E-4 2.72732032E-5 4.01197118E-4
121.5 0.13999939 4.62656026E-4 1.76771773E-5 4.4026968E-4 3.9037157E-5 4.01232508E-4
121.779999 0.13999939 4.61305201E-4 1.76513531E-5 4.51106665E-4 4.9838829E-5 4.0126784E-4
122.059998 0.13999939 4.3091175E-4 1.70599596E-5 4.49669373E-4 4.83663025E-5 4.01303056E-4
122.339996 0.140003204 4.28873813E-4 1.7019338E-5 4.32733825E-4 3.13956043E-5 4.01338242E-4
122.620003 0.13999939 4.61980613E-4 1.76642698E-5 4.14459821E-4 1.30865101E-5 4.01373312E-4
122.919998 0.159999847 4.19006217E-4 1.57361083E-5 4.04999271E-4 3.58844204E-6 4.01410827E-4
123.240005 0.159999847 3.98912816E-4 1.53541623E-5 4.02678386E-4 1.2276646E-6 4.01450729E-4
123.559998 0.159999847 4.00685763E-4 1.53882447E-5 4.02518141E-4 1.02761612E-6 4.01490543E-4
123.880005 0.159999847 4.03640675E-4 1.54448808E-5 4.02567908E-4 1.03447462E-6 4.01533442E-4
124.199997 0.159999847 3.93002992E-4 1.52400025E-5 4.02889185E-4 1.06411676E-6 4.01825062E-4
124.520004 0.159999847 4.08959517E-4 1.55463076E-5 4.03334532E-4 1.06200753E-6 4.02272504E-4
124.839996 0.159999847 3.7763748E-4 1.49391071E-5 4.03869082E-4 1.14976353E-6 4.02719306E-4
125.160004 0.159999847 4.10141482E-4 1.55687576E-5 4.04337334E-4 1.17187926E-6 4.03165439E-4
125.479996 0.159999847 4.13687376E-4 1.56359129E-5 4.04814433E-4 1.20348784E-6 4.0361096E-4
125.779999 0.13999939 4.4104291E-4 1.72593427E-5 4.0530882E-4 1.28080637E-6 4.04028018E-4
126.080002 0.159999847 3.91821028E-4 1.52170678E-5 4.05770174E-4 1.32564196E-6 4.04444523E-4
126.399994 0.159999847 3.85911233E-4 1.5101873E-5 4.06161824E-4 1.27366491E-6 4.04888182E-4
126.720001 0.159999847 3.88866116E-4 1.51595805E-5 4.06749808E-4 1.41863291E-6 4.05331171E-4
127.039993 0.159999847 4.10732464E-4 1.55799698E-5 4.0720767E-4 1.43410864E-6 4.05773579E-4
127.360001 0.159999847 4.06595587E-4 1.55013113E-5 4.07665881E-4 1.45057857E-6 4.06215317E-4
127.660004 0.140003204 4.34952351E-4 1.71395241E-5 4.08186432E-4 1.55754185E-6 4.06628882E-4
127.940002 0.13999939 4.27534687E-4 1.6992979E-5 4.08622407E-4 1.60801551E-6 4.07014391E-4
128.23999 0.159996033 4.02468315E-4 1.542262E-5 4.09085013E-4 1.65813492E-6 4.0742688E-4
128.539993 0.13999939 4.24833037E-4 1.69392024E-5 4.09530185E-4 1.69133023E-6 4.07838845E-4
128.839996 0.160003662 4.18405252E-4 1.57246322E-5 4.10015171E-4 1.76492915E-6 4.08250256E-4
129.160004 0.160003662 4.07767831E-4 1.55234557E-5 4.10530774E-4 1.84227952E-6 4.08688502E-4
129.480011 0.159996033 4.01286321E-4 1.53999554E-5 4.11053799E-4 1.92766242E-6 4.09126136E-4
129.779999 0.13999939 4.282101E-4 1.70063959E-5 4.11530986E-4 1.99513534E-6 4.09535831E-4
130.080002 0.160003662 3.86492989E-4 1.51130716E-5 4.11994202E-4 2.04919843E-6 4.09945002E-4
130.399994 0.159996033 3.94194358E-4 1.52632674E-5 4.12549474E-4 2.16860462E-6 4.1038089E-4
130.720001 0.160003662 3.91220732E-4 1.52052253E-5 4.13112604E-4 2.29646594E-6 4.10816137E-4
131.040009 0.159996033 3.97740339E-4 1.53317633E-5 4.13607457E-4 2.35664561E-6 4.11250803E-4
131.360001 0.160003662 4.12495574E-4 1.56131882E-5 4.14148875E-4 2.46402692E-6 4.11684858E-4
131.679993 0.159996033 4.08378284E-4 1.5535441E-5 4.14629932E-4 2.51162692E-6 4.12118301E-4
132 0.160003662 4.24314931E-4 1.58352923E-5 4.15203016E-4 2.65184644E-6 4.12551162E-4
132.320007 0.159996033 3.93012364E-4 1.52403663E-5 4.15767659E-4 2.78422681E-6 4.12983412E-4
132.619995 0.13999939 4.4104291E-4 1.72593427E-5 4.16340044E-4 2.95189739E-6 4.1338813E-4
132.899994 0.13999939 4.23482241E-4 1.69122504E-5 4.16810944E-4 3.04554146E-6 4.13765403E-4
133.199997 0.160003662 4.21951059E-4 1.57911218E-5 4.1738234E-4 3.21325115E-6 4.14169102E-4
133.5 0.13999939 4.22131416E-4 1.68852566E-5 4.17845469E-4 3.27319026E-6 4.14572307E-4
133.779999 0.13999939 4.26183862E-4 1.69661125E-5 4.18307929E-4 3.35980417E-6 4.14948125E-4
134.059998 0.13999939 4.36315022E-4 1.71665852E-5 4.18948766E-4 3.62523951E-6 4.15323535E-4
134.360001 0.160003662 4.18996235E-4 1.57357335E-5 4.19488526E-4 3.7632783E-6 4.15725255E-4
134.679993 0.159996033 4.01286321E-4 1.53999554E-5 4.20022116E-4 3.86890815E-6 4.16153198E-4
135 0.160003662 3.93584603E-4 1.52510938E-5 4.20762604E-4 4.18205036E-6 4.16580559E-4
135.320007 0.159996033 4.23153164E-4 1.58139774E-5 4.21421457E-4 4.41409384E-6 4.17007366E-4
135.619995 0.13999939 4.24157653E-4 1.69257328E-5 4.22257202E-4 4.85026158E-6 4.17406962E-4
135.899994 0.13999939 4.42393706E-4 1.72857526E-5 4.2293244E-4 5.15297643E-6 4.17779462E-4
136.179993 0.140007019 4.70059924E-4 1.7817576E-5 4.23612742E-4 5.46119782E-6 4.18151525E-4
136.460007 0.13999939 4.3091175E-4 1.70599596E-5 4.24564467E-4 6.04128218E-6 4.18523181E-4
136.76001 0.159996033 4.1606123E-4 1.56808965E-5 4.25708597E-4 6.78774222E-6 4.18920856E-4
137.059998 0.13999939 4.57928167E-4 1.75866244E-5 4.26959043E-4 7.64096058E-6 4.19318065E-4
137.339996 0.13999939 4.54551104E-4 1.75216574E-5 4.28491097E-4 8.8027482E-6 4.19688353E-4
137.639999 0.160003662 3.92993621E-4 1.52396397E-5 4.30261891E-4 1.01772785E-5 4.20084602E-4
137.940002 0.13999939 4.26859275E-4 1.69795512E-5 4.32118803E-4 1.16384408E-5 4.20480384E-4
138.220001 0.13999939 4.43069119E-4 1.72989439E-5 4.33983922E-4 1.31346196E-5 4.20849305E-4
138.5 0.13999939 4.32262575E-4 1.70866788E-5 4.35976515E-4 1.47586916E-5 4.21217817E-4
138.800003 0.160003662 4.17814299E-4 1.57135237E-5 4.38345916E-4 1.67337112E-5 4.21612203E-4
139.100006 0.13999939 4.43069119E-4 1.72989439E-5 4.40731848E-4 1.87257629E-5 4.22006095E-4
139.380005 0.13999939 4.60629788E-4 1.76384256E-5 4.42732417E-4 2.03591389E-5 4.22373269E-4
139.660004 0.13999939 4.74813423E-4 1.7907927E-5 4.44584293E-4 2.18442456E-5 4.22740064E-4
139.940002 0.13999939 4.39016672E-4 1.72196505E-5 4.46941238E-4 2.38348402E-5 4.23106423E-4
140.220001 0.13999939 4.53200279E-4 1.74956022E-5 4.49118088E-4 2.56457351E-5 4.23472346E-4
140.5 0.13999939 4.35639609E-4 1.71532938E-5 4.51833301E-4 2.79954293E-5 4.2383789E-4
140.800003 0.160003662 4.03040089E-4 1.54332029E-5 4.55171277E-4 3.09422176E-5 4.24229045E-4
141.100006 0.13999939 4.36990435E-4 1.71798674E-5 4.58459428E-4 3.38396494E-5 4.24619764E-4
141.380005 0.13999939 4.54551104E-4 1.75216574E-5 4.62204887E-4 3.72209033E-5 4.24983999E-4
141.660004 0.13999939 4.82242933E-4 1.80474872E-5 4.66639409E-4 4.12915906E-5 4.25347826E-4
141.940002 0.13999939 4.28885513E-4 1.70198018E-5 4.71601408E-4 4.5890185E-5 4.25711245E-4
142.220001 0.13999939 4.64006851E-4 1.77029651E-5 4.78767295E-4 5.26930671E-5 4.26074228E-4
142.5 0.13999939 4.98452748E-4 1.83483007E-5 4.87107929E-4 6.06711001E-5 4.26436833E-4
142.76001 0.120002747 5.04292606E-4 1.99339138E-5 4.96695226E-4 6.99220618E-5 4.26773186E-4
143 0.119995117 5.14568761E-4 2.01366311E-5 5.09604055E-4 8.25206807E-5 4.27083345E-4
143.23999 0.120002747 5.4684229E-4 2.07578487E-5 5.27167169E-4 9.9773948E-5 4.27393214E-4
143.480011 0.120002747 5.74420788E-4 2.12748437E-5 5.53917256E-4 1.2621448E-4 4.27702791E-4
143.720001 0.119995117 5.91793447E-4 2.15948494E-5 5.9092592E-4 1.62913886E-4 4.28012048E-4
143.940002 9.99984741E-2 6.79875375E-4 2.53550734E-5 6.34539989E-4 2.06244702E-4 4.28295316E-4
144.139999 0.100006104 6.86442072E-4 2.54762563E-5 6.71976712E-4 2.43424132E-4 4.28552594E-4
144.339996 9.99984741E-2 6.87440042E-4 2.54957395E-5 6.96396106E-4 2.67586409E-4 4.28809668E-4
144.540009 9.99984741E-2 7.04460603E-4 2.58094387E-5 6.92246365E-4 2.63179827E-4 4.29066567E-4
144.73999 9.99984741E-2 6.69473957E-4 2.51603706E-5 6.58396806E-4 2.29073557E-4 4.29323234E-4
144.940002 9.99984741E-2 5.96663915E-4 2.37528166E-5 6.02134154E-4 1.72554443E-4 4.29579697E-4
145.160004 0.120002747 5.29507233E-4 2.04261851E-5 5.37004671E-4 1.07143067E-4 4.29861597E-4
145.419998 0.13999939 4.72111773E-4 1.78569062E-5 4.7858886E-4 4.83944277E-5 4.30194428E-4
145.720001 0.160003662 4.1367751E-4 1.563554E-5 4.4457984E-4 1.40017846E-5 4.30578046E-4
146.020004 0.13999939 4.27534687E-4 1.6992979E-5 4.33682813E-4 2.72159059E-6 4.30961227E-4
146.300003 0.13999939 4.37665847E-4 1.71931388E-5 4.3178082E-4 4.623721E-7 4.31318447E-4
146.600006 0.159996033 4.12515248E-4 1.56139322E-5 4.31750726E-4 4.9971284E-8 4.31700755E-4
146.899994 0.13999939 4.36990435E-4 1.71798674E-5 4.32087341E-4 4.73357531E-9 4.32082597E-4
147.199997 0.160003662 4.03631042E-4 1.54445133E-5 4.32464847E-4 8.05321809E-10 4.32464032E-4
147.5 0.13999939 4.39016672E-4 1.72196505E-5 4.3284503E-4 1.53953048E-11 4.3284503E-4
147.779999 0.13999939 4.39016672E-4 1.72196505E-5 4.33200214E-4 3.41271743E-14 4.33200214E-4
148.059998 0.13999939 4.44419944E-4 1.73252938E-5 4.33555018E-4 9.4965065E-14 4.33555018E-4
148.339996 0.13999939 4.28885513E-4 1.70198018E-5 4.33909416E-4 0 4.33909416E-4
148.619995 0.13999939 4.34964197E-4 1.71399915E-5 4.34263464E-4 0 4.34263464E-4
148.899994 0.13999939 4.54551104E-4 1.75216574E-5 4.34617134E-4 0 4.34617134E-4
149.179993 0.140007019 4.3021288E-4 1.70456551E-5 4.34970425E-4 0 4.34970425E-4
149.460007 0.13999939 4.5860355E-4 1.75995901E-5 4.35323367E-4 0 4.35323367E-4
149.740005 0.13999939 4.72787186E-4 1.78696755E-5 4.35675902E-4 0 4.35675902E-4
149.920013 4.00009155E-2 3.99494282E-4 3.07303308E-5 4.3590233E-4 0 4.3590233E-4
