105.377 105.2791611 105.4571288  FFFFFFFFF
105.261 105.2115496 105.3443875  FFFFFFFFF
105.182 105.1174917 105.2205671  FFFFFFFFF
105.077 105.0137711 105.1433694  FFFFFFFFF
105.037 104.9787542 105.0898392  FFFFFFFFF
104.927 104.8554372 104.977488  FFFFFFFFF
104.931 104.8320838 104.9648346  FFFFFFFFF
104.898 104.8201989 104.9403338  FFFFFFFFF
104.755 104.664498 104.791654  FFFFFFFFF
104.668 104.550574 104.7040148  FFFFFFFFF
104.615 104.5263018 104.7090535  FFFFFFFFF
104.604 104.5503023 104.7175333  FFFFFFFFF
104.586 104.5211606 104.7089162  FFFFFFFFF
104.624 104.476866 104.6701501  FFFFFFFFF
104.519 104.4159454 104.616282  FFFFFFFFF
104.605 104.4773848 104.6748299  FFFFFFFFF
104.695 104.5500766 104.7776101  FFFFFFFFF
104.528 104.4557439 104.6461847  FFFFFFFFF
104.399 104.3098512 104.446311  FFFFFFFFF
104.478 104.3960883 104.5412449  FFFFFFFFF
104.414 104.33301 104.4671066  FFFFFFFFF
104.311 104.2676771 104.399779  FFFFFFFFF
104.208 104.0392214 104.3228139  FFFFFFFFF
