105.596 105.5113283 105.6757501  FFFFFFFFF
105.509 105.4246377 105.5549697  FFFFFFFFF
105.392 105.3338925 105.4363886  FFFFFFFFF
105.307 105.2275653 105.3547766  FFFFFFFFF
105.282 105.1993567 105.3217842  FFFFFFFFF
105.163 105.0953318 105.2271219  FFFFFFFFF
105.115 105.0693425 105.1969923  FFFFFFFFF
105.087 105.0173891 105.1377453  FFFFFFFFF
104.93 104.8826204 104.9977026  FFFFFFFFF
104.857 104.7661601 104.901692  FFFFFFFFF
104.867 104.7757111 104.962127  FFFFFFFFF
104.889 104.7663141 104.936253  FFFFFFFFF
104.783 104.7047443 104.8711681  FFFFFFFFF
104.762 104.700117 104.8791395  FFFFFFFFF
104.7 104.6194319 104.8493456  FFFFFFFFF
104.842 104.7104827 104.9030346  FFFFFFFFF
104.866 104.7498514 104.9654895  FFFFFFFFF
104.827 104.7421851 104.9167921  FFFFFFFFF
104.564 104.5008025 104.645343  FFFFFFFFF
104.751 104.6080223 104.7939152  FFFFFFFFF
104.588 104.5314446 104.6690564  FFFFFFFFF
104.544 104.4802749 104.6093498  FFFFFFFFF
104.433 104.3215358 104.6118061  FFFFFFFFF
