122.935 122.5514066 123.208192  FFFFFFFFF
122.823 122.4663603 122.9662195  FFFFFFFFF
123.165 123.1203987 123.432185  FFFFFFFFF
122.183 121.8727363 122.3332664  FFFFFFFFF
121.796 121.6311769 121.9336969  FFFFFFFFF
122.221 121.9048451 122.241194  FFFFFFFFF
121.575 121.4769793 121.6735473  FFFFFFFFF
121.641 121.2498919 121.9551234  FFFFFFFFF
121.545 121.3973505 121.591058  FFFFFFFFF
121.286 121.0329442 121.3605971  FFFFFFFFF
121.566 121.3137634 121.647708  FFFFFFFFF
121.56 121.2621493 121.7686817  FFFFFFFFF
121.52 121.3380405 121.6004086  FFFFFFFFF
121.3 121.1160744 121.4867115  FFFFFFFFF
121.38 121.2652291 121.5373441  FFFFFFFFF
121.383 121.2059771 121.6200906  FFFFFFFFF
121.501 121.1904253 121.5987542  FFFFFFFFF
121.49 121.1996376 121.5745719  FFFFFFFFF
121.381 121.1837527 121.5617044  FFFFFFFFF
121.583 121.3011461 121.6868537  FFFFFFFFF
121.186 121.0792358 121.3096428  FFFFFFFFF
120.84 120.6683442 121.0313171  FFFFFFFFF
121.538 121.2988666 121.5912825  FFFFFFFFF
