144.66 144.62828 144.7464597  FFFFFFFFF
144.585 144.5557747 144.6164081  FFFFFFFFF
144.47 144.4147898 144.4804375  FFFFFFFFF
144.385 144.3593423 144.4246179  FFFFFFFFF
144.325 144.2949295 144.3471162  FFFFFFFFF
144.268 144.2354473 144.2917781  FFFFFFFFF
144.174 144.1537946 144.2046807  FFFFFFFFF
144.126 144.0954483 144.1530912  FFFFFFFFF
144.078 144.0371925 144.0938442  FFFFFFFFF
144.034 144.0029651 144.0721198  FFFFFFFFF
143.997 143.9828466 144.0585165  FFFFFFFFF
143.995 143.9217488 144.0122945  FFFFFFFFF
143.895 143.8071362 143.9037499  FFFFFFFFF
143.939 143.8940958 143.9693226  FFFFFFFFF
143.863 143.8497619 143.9415934  FFFFFFFFF
143.854 143.8346917 143.9181281  FFFFFFFFF
143.773 143.733172 143.8101491  FFFFFFFFF
143.766 143.7089862 143.7902591  FFFFFFFFF
143.697 143.6351009 143.7149118  FFFFFFFFF
143.69 143.6661285 143.7313052  FFFFFFFFF
143.645 143.6238742 143.6932394  FFFFFFFFF
143.614 143.5907231 143.6562622  FFFFFFFFF
143.523 143.5120918 143.5921543  FFFFFFFFF
