NO NO NO NO NO NO NO
95.1600037 0.159999847 3.95155221E-4 1.53004712E-5 3.96656978E-4 2.85642454E-6 3.93800554E-4
95.4799957 0.159999847 4.0522663E-4 1.54942281E-5 3.96405056E-4 2.60906836E-6 3.93795985E-4
95.8000031 0.159999847 3.92193033E-4 1.52430148E-5 3.96398973E-4 2.60752154E-6 3.93791444E-4
96.1199951 0.159999847 4.22407291E-4 1.58192779E-5 3.96497053E-4 2.71014937E-6 3.93786904E-4
96.4400024 0.159999847 4.11151006E-4 1.56070782E-5 3.96457297E-4 2.67490577E-6 3.93782393E-4
96.7599945 0.159999847 4.11743444E-4 1.56183196E-5 3.96401476E-4 2.62358276E-6 3.93777882E-4
97.0800018 0.159999847 4.25961916E-4 1.58856983E-5 3.96303541E-4 2.53012445E-6 3.937734E-4
97.3999939 0.159999847 4.15890507E-4 1.56967744E-5 3.96467396E-4 2.69847374E-6 3.93768947E-4
97.7200012 0.159999847 3.79159435E-4 1.49875923E-5 3.96522519E-4 2.75803268E-6 3.93764465E-4
98.0399933 0.159999847 4.25369479E-4 1.58746479E-5 3.9669394E-4 2.93390485E-6 3.93760041E-4
98.3600006 0.159999847 4.07596381E-4 1.55394664E-5 3.96915624E-4 3.1600116E-6 3.93755618E-4
98.6799927 0.159999847 3.77382123E-4 1.4952424E-5 3.97536554E-4 3.78537561E-6 3.93751194E-4
98.9799957 0.140003204 4.25867125E-4 1.69804352E-5 3.98370379E-4 4.62331946E-6 3.93747061E-4
99.2799988 0.159999847 4.12335881E-4 1.56295519E-5 3.98861244E-4 5.11829694E-6 3.93742957E-4
99.6000061 0.159999847 4.09966131E-4 1.55845737E-5 3.98932869E-4 5.19428841E-6 3.93738592E-4
99.9000015 0.13999939 4.28587024E-4 1.70348048E-5 3.99133598E-4 5.39911571E-6 3.93734488E-4
100.199997 0.159999847 3.7560481E-4 1.49171728E-5 3.99757468E-4 6.0270454E-6 3.93730414E-4
100.520004 0.159999847 3.94562783E-4 1.5288997E-5 4.00591962E-4 6.86588965E-6 3.93726077E-4
100.839996 0.159999847 4.07003943E-4 1.55281687E-5 4.01500933E-4 7.77917921E-6 3.9372177E-4
101.160004 0.159999847 3.87453532E-4 1.5150632E-5 4.02543723E-4 8.82626864E-6 3.93717462E-4
101.479996 0.159999847 4.05819068E-4 1.55055495E-5 4.0378992E-4 1.00767429E-5 3.93713155E-4
101.800003 0.159999847 4.09373693E-4 1.55733087E-5 4.05028171E-4 1.13193E-5 3.93708877E-4
102.119995 0.159999847 3.93970346E-4 1.52775137E-5 4.06565319E-4 1.28606971E-5 3.93704628E-4
102.419998 0.13999939 4.25201666E-4 1.69673931E-5 4.08255815E-4 1.45551821E-5 3.9370064E-4
102.720001 0.159999847 4.0285688E-4 1.54488571E-5 4.10520675E-4 1.68240058E-5 3.93696653E-4
103.039993 0.159999847 4.20037541E-4 1.57748418E-5 4.13643138E-4 1.99507012E-5 3.93692433E-4
103.360001 0.159999847 3.96340096E-4 1.53233923E-5 4.18001E-4 2.43127924E-5 3.93688213E-4
103.660004 0.140003204 4.48886974E-4 1.74333254E-5 4.24217375E-4 3.05330868E-5 3.93684284E-4
103.940002 0.13999939 4.4077434E-4 1.7275308E-5 4.33078414E-4 3.93978044E-5 3.93680617E-4
104.220001 0.13999939 4.34680696E-4 1.71554784E-5 4.48006991E-4 5.43300193E-5 3.9367695E-4
104.5 0.13999939 4.54315799E-4 1.75386667E-5 4.73861728E-4 8.01884089E-5 3.93673312E-4
104.779999 0.13999939 4.85461147E-4 1.81298783E-5 5.10163547E-4 1.16493866E-4 3.93669674E-4
105.059998 0.13999939 4.96294291E-4 1.83310476E-5 5.38713124E-4 1.45047044E-4 3.93666065E-4
105.32 0.120002747 5.41869085E-4 2.0688658E-5 5.34411054E-4 1.40748336E-4 3.93662689E-4
105.559998 0.119998932 5.25297946E-4 2.0370182E-5 4.99312708E-4 1.05653111E-4 3.93659604E-4
105.82 0.13999939 4.48899198E-4 1.74338002E-5 4.51561093E-4 5.79048428E-5 3.93656257E-4
106.099998 0.13999939 4.29264095E-4 1.70482544E-5 4.15071903E-4 2.14192514E-5 3.93652677E-4
106.399994 0.159999847 3.9041572E-4 1.52084376E-5 3.9920141E-4 5.5525843E-6 3.93648836E-4
106.720001 0.159999847 3.83898907E-4 1.50809738E-5 3.95225128E-4 1.58037278E-6 3.93644761E-4
107.039993 0.159999847 3.95747658E-4 1.53119363E-5 3.94669914E-4 1.02921956E-6 3.93640687E-4
107.360001 0.159999847 3.83306498E-4 1.50693331E-5 3.94666771E-4 1.03015259E-6 3.93636612E-4
107.679993 0.159999847 3.93377908E-4 1.52660232E-5 3.94649833E-4 1.01724629E-6 3.93632596E-4
108 0.160003662 3.98107921E-4 1.53573455E-5 3.94691539E-4 1.06298535E-6 3.9362855E-4
108.320007 0.159999847 3.86861095E-4 1.5139045E-5 3.94673523E-4 1.04898845E-6 3.93624534E-4
108.639999 0.159999847 3.98117409E-4 1.5357713E-5 3.94695904E-4 1.07537824E-6 3.93620518E-4
108.960007 0.159999847 3.78566998E-4 1.49758789E-5 3.94687086E-4 1.07056474E-6 3.9361653E-4
109.279999 0.159999847 3.71457747E-4 1.48345935E-5 3.94712959E-4 1.10041378E-6 3.93612543E-4
109.620003 0.180000305 3.75472155E-4 1.4061543E-5 3.94751434E-4 1.1431099E-6 3.93608323E-4
109.960007 0.159999847 3.80936748E-4 1.50226788E-5 3.94767267E-4 1.16314789E-6 3.93604103E-4
110.300003 0.180000305 3.59673897E-4 1.37625393E-5 3.94801871E-4 1.20194795E-6 3.93599912E-4
110.639999 0.159999847 3.83306498E-4 1.50693331E-5 3.94804025E-4 1.2082719E-6 3.9359575E-4
110.960007 0.159999847 3.70272872E-4 1.48109148E-5 3.94813949E-4 1.22214158E-6 3.93591821E-4
111.279999 0.159999847 3.7323506E-4 1.4870041E-5 3.94830917E-4 1.24302517E-6 3.93587892E-4
111.600006 0.159999847 3.80936748E-4 1.50226788E-5 3.94873641E-4 1.28965064E-6 3.93583992E-4
111.919998 0.159999847 3.74419935E-4 1.48936251E-5 3.94913106E-4 1.33299557E-6 3.93580121E-4
112.240005 0.159999847 3.7797456E-4 1.49641555E-5 3.94982082E-4 1.40586224E-6 3.93576222E-4
112.559998 0.159999847 3.7560481E-4 1.49171728E-5 3.95111216E-4 1.53885753E-6 3.9357238E-4
112.880005 0.159999847 4.04634193E-4 1.54828977E-5 3.952673E-4 1.6987974E-6 3.93568509E-4
113.199997 0.159999847 4.04634193E-4 1.54828977E-5 3.95493029E-4 1.92837774E-6 3.93564667E-4
113.520004 0.159999847 3.8804597E-4 1.51622107E-5 3.95621086E-4 2.06026266E-6 3.93560826E-4
113.839996 0.159999847 3.7797456E-4 1.49641555E-5 3.95527168E-4 1.97015856E-6 3.93557013E-4
114.160004 0.159999847 4.01672034E-4 1.54261215E-5 3.9536765E-4 1.81444796E-6 3.935532E-4
114.479996 0.159999847 3.9278547E-4 1.52545235E-5 3.9524553E-4 1.69614452E-6 3.93549388E-4
114.800003 0.159999847 3.79159435E-4 1.49875923E-5 3.95248237E-4 1.70263809E-6 3.93545604E-4
115.119995 0.159999847 4.01079596E-4 1.54147401E-5 3.95381998E-4 1.84019291E-6 3.93541821E-4
115.440002 0.159999847 3.97524971E-4 1.53462806E-5 3.95522773E-4 1.98471685E-6 3.93538037E-4
115.759995 0.159999847 3.84491344E-4 1.50926062E-5 3.95792216E-4 2.25792223E-6 3.93534283E-4
116.080002 0.159999847 3.99302284E-4 1.53805486E-5 3.96126008E-4 2.59547892E-6 3.93530529E-4
116.399994 0.159999847 4.13520756E-4 1.56519909E-5 3.96928343E-4 3.40155066E-6 3.93526803E-4
116.720001 0.159999847 4.12335881E-4 1.56295519E-5 3.97906668E-4 4.38358984E-6 3.93523078E-4
117.039993 0.159999847 3.91008158E-4 1.52199718E-5 3.9902344E-4 5.5040905E-6 3.93519353E-4
117.360001 0.159999847 4.07596381E-4 1.55394664E-5 3.99525074E-4 6.0094435E-6 3.93515627E-4
117.679993 0.159999847 4.0285688E-4 1.54488571E-5 3.99366021E-4 5.8540918E-6 3.93511931E-4
118 0.160003662 4.1054879E-4 1.55954585E-5 3.99299053E-4 5.79080552E-6 3.93508264E-4
118.300003 0.13999939 4.27232881E-4 1.70078729E-5 3.99767159E-4 6.26236715E-6 3.93504801E-4
118.600006 0.159999847 3.92193033E-4 1.52430148E-5 3.99866811E-4 6.36545519E-6 3.93501366E-4
118.919998 0.159999847 4.08188818E-4 1.55507551E-5 3.9988014E-4 6.38243728E-6 3.93497699E-4
119.240005 0.159999847 3.87453532E-4 1.5150632E-5 4.0002435E-4 6.53030884E-6 3.93494061E-4
119.559998 0.159999847 3.98117409E-4 1.5357713E-5 4.00577614E-4 7.08719972E-6 3.93490423E-4
119.880005 0.159999847 3.98117409E-4 1.5357713E-5 4.01538651E-4 8.05185391E-6 3.93486785E-4
120.18 0.13999939 4.3129531E-4 1.70885432E-5 4.02825128E-4 9.34173386E-6 3.9348338E-4
120.479996 0.159999847 4.12335881E-4 1.56295519E-5 4.05000406E-4 1.1520402E-5 3.93480004E-4
120.779999 0.13999939 4.45513841E-4 1.73679382E-5 4.08552907E-4 1.50762789E-5 3.93476628E-4
121.059998 0.13999939 4.38743125E-4 1.72354576E-5 4.13510104E-4 2.00366248E-5 3.93473485E-4
121.360001 0.159999847 4.26554354E-4 1.58967432E-5 4.20856493E-4 2.73863898E-5 3.93470109E-4
121.660004 0.140003204 4.52272245E-4 1.74989382E-5 4.31988854E-4 3.85220883E-5 3.93466762E-4
121.940002 0.13999939 4.57024085E-4 1.75908644E-5 4.44528123E-4 5.10644713E-5 3.93463648E-4
122.220001 0.13999939 4.71242616E-4 1.7862405E-5 4.48421983E-4 5.49614597E-5 3.93460534E-4
122.5 0.13999939 4.25878738E-4 1.69808973E-5 4.34118061E-4 4.06606487E-5 3.9345742E-4
122.800003 0.159999847 3.95747658E-4 1.53119363E-5 4.11441084E-4 1.79869858E-5 3.93454102E-4
123.119995 0.159999847 3.98709846E-4 1.53691344E-5 3.98023578E-4 4.57301667E-6 3.93450551E-4
123.440002 0.159999847 3.97524971E-4 1.53462806E-5 3.94814939E-4 1.36789856E-6 3.9344703E-4
123.759995 0.159999847 4.04041755E-4 1.54715581E-5 3.94436269E-4 9.92738705E-7 3.93443537E-4
124.080002 0.159999847 3.86861095E-4 1.5139045E-5 3.94589879E-4 9.95492087E-7 3.93594382E-4
124.399994 0.159999847 4.25369479E-4 1.58746479E-5 3.95114359E-4 9.92098535E-7 3.94122268E-4
124.720001 0.159999847 3.71457747E-4 1.48345935E-5 3.95691895E-4 1.02523575E-6 3.94666655E-4
125.039993 0.159999847 4.17075382E-4 1.57191189E-5 3.96247924E-4 1.03752473E-6 3.95210402E-4
125.360001 0.159999847 4.11151006E-4 1.56070782E-5 3.96860618E-4 1.10711449E-6 3.95753479E-4
125.679993 0.159999847 3.96932533E-4 1.5334841E-5 3.97429947E-4 1.13401188E-6 3.96295945E-4
126 0.160003662 3.73818591E-4 1.48814834E-5 3.98033473E-4 1.19569552E-6 3.96837771E-4
126.320007 0.159999847 3.79159435E-4 1.49875923E-5 3.98553762E-4 1.17479112E-6 3.97378957E-4
126.639999 0.159999847 3.8567622E-4 1.51158429E-5 3.99179087E-4 1.25956876E-6 3.97919503E-4
126.940002 0.13999939 4.58378228E-4 1.76169069E-5 3.99676384E-4 1.25068675E-6 3.98425705E-4
127.240005 0.159999847 4.08188818E-4 1.55507551E-5 4.00235294E-4 1.3039662E-6 3.98931326E-4
127.559998 0.159999847 4.05819068E-4 1.55055495E-5 4.00793477E-4 1.32338801E-6 3.99470067E-4
127.860001 0.13999939 4.25878738E-4 1.69808973E-5 4.01311932E-4 1.33733795E-6 3.99974582E-4
128.160004 0.160003662 3.90998845E-4 1.52196089E-5 4.01890371E-4 1.41184285E-6 4.00478544E-4
128.480011 0.159996033 4.05236293E-4 1.54945974E-5 4.02573729E-4 1.55823057E-6 4.01015481E-4
128.800003 0.160003662 4.16472991E-4 1.57075774E-5 4.03116283E-4 1.56447004E-6 4.01551806E-4
129.119995 0.159996033 4.01681609E-4 1.5426489E-5 4.03717568E-4 1.63003654E-6 4.0208752E-4
129.440002 0.160003662 4.01070021E-4 1.54143727E-5 4.04363935E-4 1.74131139E-6 4.02622623E-4
129.76001 0.159996033 4.11160814E-4 1.56074511E-5 4.04935097E-4 1.77796869E-6 4.03157115E-4
130.080002 0.160003662 3.98107921E-4 1.53573455E-5 4.05547034E-4 1.85603676E-6 4.03690996E-4
130.399994 0.159996033 4.18270211E-4 1.57418071E-5 4.06183244E-4 1.95896655E-6 4.04224265E-4
130.720001 0.160003662 3.81520076E-4 1.50339974E-5 4.06780193E-4 2.02326555E-6 4.04756924E-4
131.040009 0.159996033 4.1412306E-4 1.56635724E-5 4.07386542E-4 2.09754171E-6 4.05289E-4
131.360001 0.160003662 3.82704922E-4 1.50573242E-5 4.08043794E-4 2.22332233E-6 4.05820465E-4
131.679993 0.159996033 4.12345718E-4 1.56299229E-5 4.08614054E-4 2.26272618E-6 4.06351319E-4
131.979996 0.13999939 4.31972381E-4 1.7101951E-5 4.0927346E-4 2.4249814E-6 4.0684847E-4
132.279999 0.160003662 3.99885175E-4 1.5391588E-5 4.09876404E-4 2.53132612E-6 4.07345098E-4
132.580002 0.13999939 4.44836769E-4 1.7354736E-5 4.10469191E-4 2.62798767E-6 4.07841202E-4
132.880005 0.159996033 4.17085306E-4 1.57194936E-5 4.11091431E-4 2.75467119E-6 4.08336753E-4
133.199997 0.160003662 4.08771506E-4 1.55616654E-5 4.11736808E-4 2.87200282E-6 4.08864813E-4
133.519989 0.159996033 4.11160814E-4 1.56074511E-5 4.12404799E-4 3.01253021E-6 4.09392291E-4
133.839996 0.160003662 3.90406407E-4 1.52080747E-5 4.1309878E-4 3.17962599E-6 4.09919157E-4
134.160004 0.160003662 4.14695736E-4 1.56740261E-5 4.13770962E-4 3.3255053E-6 4.10445471E-4
134.480011 0.159996033 3.86277883E-4 1.51278091E-5 4.14453796E-4 3.48260846E-6 4.10971174E-4
134.800003 0.160003662 4.05216968E-4 1.54938589E-5 4.15290677E-4 3.7943596E-6 4.11496323E-4
135.119995 0.159996033 3.77391116E-4 1.49527805E-5 4.1602226E-4 4.00139879E-6 4.12020861E-4
135.440002 0.160003662 3.98700329E-4 1.53687688E-5 4.16834053E-4 4.28918383E-6 4.12544847E-4
135.76001 0.159996033 4.15900402E-4 1.56971491E-5 4.17822244E-4 4.75396746E-6 4.13068279E-4
136.080002 0.160003662 4.08179098E-4 1.5550384E-5 4.18840849E-4 5.24973802E-6 4.135911E-4
136.380005 0.13999939 4.27909952E-4 1.70213443E-5 4.19899385E-4 5.81862423E-6 4.14080772E-4
136.679993 0.159996033 4.19455115E-4 1.57640879E-5 4.21226578E-4 6.65667267E-6 4.14569891E-4
136.979996 0.13999939 4.38066054E-4 1.72221535E-5 4.22470912E-4 7.41235954E-6 4.15058545E-4
137.259995 0.13999939 4.29264095E-4 1.70482544E-5 4.24062775E-4 8.54859809E-6 4.15514194E-4
137.559998 0.160003662 4.11733636E-4 1.56179467E-5 4.2569064E-4 9.68877157E-6 4.16001887E-4
137.860001 0.13999939 4.27909952E-4 1.70213443E-5 4.27654508E-4 1.11654217E-5 4.16489085E-4
138.139999 0.13999939 4.40097268E-4 1.72620348E-5 4.29280772E-4 1.23373984E-5 4.16943367E-4
138.440002 0.160003662 4.0758666E-4 1.55390953E-5 4.3168047E-4 1.42508452E-5 4.17429634E-4
138.740005 0.13999939 4.42128483E-4 1.73018252E-5 4.33563837E-4 1.56484148E-5 4.17915406E-4
139.020004 0.13999939 4.34003596E-4 1.71421125E-5 4.35550173E-4 1.71818028E-5 4.18368378E-4
139.300003 0.13999939 4.55669942E-4 1.75647856E-5 4.3772647E-4 1.890559E-5 4.18820884E-4
139.580002 0.13999939 4.65148943E-4 1.7746539E-5 4.39786178E-4 2.05131673E-5 4.19272983E-4
139.880005 0.159996033 4.24194732E-4 1.58529019E-5 4.41968936E-4 2.22120052E-5 4.19756921E-4
140.179993 0.140007019 4.38719202E-4 1.7234519E-5 4.44407808E-4 2.41674315E-5 4.20240394E-4
140.460007 0.13999939 4.38066054E-4 1.72221535E-5 4.47039725E-4 2.63485308E-5 4.20691184E-4
140.740005 0.13999939 4.37388982E-4 1.72088385E-5 4.49740008E-4 2.85984497E-5 4.21141565E-4
141.020004 0.13999939 4.45513841E-4 1.73679382E-5 4.52882552E-4 3.12910452E-5 4.21591511E-4
141.300003 0.13999939 4.4077434E-4 1.7275308E-5 4.56510141E-4 3.44690634E-5 4.22041077E-4
141.580002 0.13999939 4.48899198E-4 1.74338002E-5 4.60448384E-4 3.79581797E-5 4.22490208E-4
141.860001 0.13999939 4.69211402E-4 1.78238661E-5 4.65433521E-4 4.24945938E-5 4.22938931E-4
142.139999 0.13999939 4.53638728E-4 1.75255918E-5 4.71337058E-4 4.79498085E-5 4.23387246E-4
142.419998 0.13999939 4.73273831E-4 1.79008603E-5 4.79338225E-4 5.55030747E-5 4.23835154E-4
142.679993 0.120002747 5.05533826E-4 1.99829792E-5 4.87594429E-4 6.33437157E-5 4.24250698E-4
142.919998 0.119995117 5.44273411E-4 2.07351641E-5 4.99358925E-4 7.47249287E-5 4.24633967E-4
143.160004 0.120002747 5.0711364E-4 2.00141785E-5 5.14991989E-4 8.99750739E-5 4.25016944E-4
143.399994 0.120002747 5.56087238E-4 2.09583268E-5 5.37008978E-4 1.11609348E-4 4.2539963E-4
143.639999 0.119995117 5.62442176E-4 2.1078411E-5 5.69955271E-4 1.44173275E-4 4.25782026E-4
143.880005 0.120002747 5.82153851E-4 2.14439115E-5 6.12363161E-4 1.86199075E-4 4.26164101E-4
144.100006 9.99984741E-2 6.43632316E-4 2.47003427E-5 6.51118986E-4 2.24604883E-4 4.26514103E-4
144.299988 9.99984741E-2 6.58798905E-4 2.49896675E-5 6.73353905E-4 2.46521842E-4 4.26832034E-4
144.5 0.100006104 6.9666229E-4 2.56967742E-5 6.70912908E-4 2.4376309E-4 4.27149789E-4
144.700012 9.99984741E-2 6.40788581E-4 2.46457148E-5 6.42398838E-4 2.14931497E-4 4.2746737E-4
144.899994 9.99984741E-2 6.10455405E-4 2.40553127E-5 5.9089408E-4 1.63109362E-4 4.27784689E-4
145.119995 0.120002747 5.08693454E-4 2.00453287E-5 5.31062193E-4 1.02928672E-4 4.28133557E-4
145.380005 0.13999939 4.48222127E-4 1.74206489E-5 4.75924986E-4 4.73794826E-5 4.28545492E-4
145.660004 0.13999939 4.32649453E-4 1.71153479E-5 4.44431964E-4 1.54431928E-5 4.28988773E-4
145.959991 0.159996033 3.9753443E-4 1.53466463E-5 4.32839239E-4 3.37600432E-6 4.29463253E-4
146.279999 0.160003662 4.15880582E-4 1.56964015E-5 4.30417043E-4 4.48188189E-7 4.29968874E-4
146.580002 0.13999939 4.27232881E-4 1.70078729E-5 4.30486194E-4 4.37660148E-8 4.30442451E-4
146.880005 0.159996033 3.99904238E-4 1.53923211E-5 4.30920656E-4 5.13137666E-9 4.30915534E-4
147.160004 0.120002747 4.94475302E-4 1.97632071E-5 4.31356893E-4 1.92703423E-10 4.31356719E-4
147.419998 0.13999939 4.29264095E-4 1.70482544E-5 4.31766035E-4 3.90465655E-12 4.31766006E-4
147.699997 0.13999939 4.52284585E-4 1.74994148E-5 4.32206434E-4 2.25030132E-13 4.32206434E-4
147.979996 0.13999939 4.27909952E-4 1.70213443E-5 4.32646455E-4 3.9928707E-16 4.32646455E-4
148.259995 0.13999939 4.69211402E-4 1.78238661E-5 4.33086127E-4 0 4.33086127E-4
148.539993 0.13999939 4.4957627E-4 1.74469442E-5 4.33525565E-4 1.9252272E-10 4.33525362E-4
148.820007 0.140007019 4.746021E-4 1.79254748E-5 4.33964276E-4 0 4.33964276E-4
149.100006 0.13999939 4.38066054E-4 1.72221535E-5 4.34402784E-4 0 4.34402784E-4
