105.423 105.3519646 105.4629726  FFFFFFFFF
105.397 105.3646296 105.4455642  FFFFFFFFF
105.32 105.2898793 105.3598342  FFFFFFFFF
105.251 105.1791574 105.2733056  FFFFFFFFF
105.162 105.1080555 105.188269  FFFFFFFFF
105.107 105.0592236 105.1425717  FFFFFFFFF
105.049 105.0132468 105.0923441  FFFFFFFFF
105.023 104.9719531 105.0651405  FFFFFFFFF
104.99 104.9614822 105.0473464  FFFFFFFFF
104.961 104.8905284 104.9946183  FFFFFFFFF
104.976 104.9132998 105.0250296  FFFFFFFFF
104.931 104.8398769 104.9850093  FFFFFFFFF
104.84 104.7719424 104.8933346  FFFFFFFFF
104.847 104.7841081 104.9113292  FFFFFFFFF
104.846 104.7524547 104.8924633  FFFFFFFFF
104.776 104.7001467 104.8231818  FFFFFFFFF
104.689 104.6437145 104.7774937  FFFFFFFFF
104.671 104.6286574 104.7571949  FFFFFFFFF
104.63 104.5821917 104.6985537  FFFFFFFFF
104.701 104.6235506 104.7307424  FFFFFFFFF
104.689 104.6463887 104.7470396  FFFFFFFFF
104.631 104.5820509 104.6780588  FFFFFFFFF
104.631 104.5643365 104.6768094  FFFFFFFFF
