144.653 144.6105653 144.732987  FFFFFFFFF
144.59 144.5571135 144.6189247  FFFFFFFFF
144.441 144.4233797 144.4771962  FFFFFFFFF
144.394 144.3571938 144.418322  FFFFFFFFF
144.331 144.2983403 144.350305  FFFFFFFFF
144.273 144.2356448 144.2936165  FFFFFFFFF
144.156 144.1534132 144.2051043  FFFFFFFFF
144.127 144.0887976 144.1618874  FFFFFFFFF
144.064 144.0417539 144.0992261  FFFFFFFFF
144.053 144.0017789 144.0762478  FFFFFFFFF
144.045 143.9930614 144.0685599  FFFFFFFFF
143.969 143.9293966 144.0132675  FFFFFFFFF
143.893 143.8093064 143.9159246  FFFFFFFFF
143.923 143.8915064 143.9732492  FFFFFFFFF
143.838 143.8400948 143.9427643  FFFFFFFFF
143.844 143.8276024 143.9076516  FFFFFFFFF
143.767 143.7375461 143.8126334  FFFFFFFFF
143.753 143.7168946 143.7921897  FFFFFFFFF
143.7 143.6291121 143.7201309  FFFFFFFFF
143.71 143.6646537 143.7338634  FFFFFFFFF
143.656 143.6291207 143.6986878  FFFFFFFFF
143.62 143.5863259 143.6527532  FFFFFFFFF
143.53 143.5097973 143.5875597  FFFFFFFFF
