144.619 144.5633268 144.6871755  FFFFFFFFF
144.541 144.5006326 144.5631642  FFFFFFFFF
144.389 144.3633064 144.4253756  FFFFFFFFF
144.333 144.3080329 144.3633049  FFFFFFFFF
144.26 144.2421133 144.2965264  FFFFFFFFF
144.18 144.1796253 144.2400816  FFFFFFFFF
144.116 144.1040196 144.1535138  FFFFFFFFF
144.075 144.0467123 144.1036662  FFFFFFFFF
144.017 143.9906863 144.0483186  FFFFFFFFF
143.992 143.9551141 144.0181723  FFFFFFFFF
143.967 143.9331038 144.0019347  FFFFFFFFF
143.912 143.8729978 143.9569071  FFFFFFFFF
143.82 143.7684015 143.8613875  FFFFFFFFF
143.871 143.8498176 143.9261479  FFFFFFFFF
143.808 143.7958281 143.8936055  FFFFFFFFF
143.791 143.7803217 143.8634332  FFFFFFFFF
143.726 143.6845768 143.7596547  FFFFFFFFF
143.683 143.6488015 143.7217264  FFFFFFFFF
143.63 143.5745022 143.6568697  FFFFFFFFF
143.654 143.6154858 143.681289  FFFFFFFFF
143.593 143.5710818 143.6393866  FFFFFFFFF
143.551 143.5304647 143.5955059  FFFFFFFFF
143.502 143.4590806 143.5389905  FFFFFFFFF
