105.376 105.3155231 105.42156  FFFFFFFFF
105.339 105.3106841 105.3979446  FFFFFFFFF
105.301 105.2428948 105.3217436  FFFFFFFFF
105.2 105.1416728 105.2274123  FFFFFFFFF
105.123 105.0792592 105.1552059  FFFFFFFFF
105.065 105.0174713 105.1009408  FFFFFFFFF
105.018 104.9779321 105.0558101  FFFFFFFFF
104.973 104.9306589 105.0234742  FFFFFFFFF
104.976 104.9274358 105.0074518  FFFFFFFFF
104.926 104.8604837 104.9620654  FFFFFFFFF
104.949 104.8685607 104.9858527  FFFFFFFFF
104.876 104.7874288 104.9316128  FFFFFFFFF
104.79 104.7267361 104.8512077  FFFFFFFFF
104.803 104.746209 104.8769217  FFFFFFFFF
104.794 104.698345 104.8419341  FFFFFFFFF
104.708 104.6516649 104.7751182  FFFFFFFFF
104.666 104.6046391 104.730341  FFFFFFFFF
104.673 104.6070752 104.7275873  FFFFFFFFF
104.591 104.5461361 104.6646546  FFFFFFFFF
104.641 104.573495 104.6744176  FFFFFFFFF
104.659 104.6210952 104.7247676  FFFFFFFFF
104.586 104.5378638 104.6315738  FFFFFFFFF
104.585 104.5303103 104.6394581  FFFFFFFFF
