105.429 105.3460243 105.4627296  FFFFFFFFF
105.397 105.3539878 105.4345199  FFFFFFFFF
105.32 105.2847424 105.354197  FFFFFFFFF
105.225 105.1796646 105.2615672  FFFFFFFFF
105.181 105.1084133 105.2000838  FFFFFFFFF
105.087 105.0561776 105.1424747  FFFFFFFFF
105.064 105.0107006 105.0924329  FFFFFFFFF
105.0 104.965496 105.0632677  FFFFFFFFF
105.006 104.9594875 105.0410613  FFFFFFFFF
104.938 104.8964476 104.9993918  FFFFFFFFF
104.94 104.895953 105.0160542  FFFFFFFFF
104.912 104.8279508 104.9699191  FFFFFFFFF
104.828 104.7618815 104.8835734  FFFFFFFFF
104.865 104.790349 104.921752  FFFFFFFFF
104.857 104.7407003 104.8962006  FFFFFFFFF
104.731 104.6879243 104.8156663  FFFFFFFFF
104.689 104.638445 104.7702851  FFFFFFFFF
104.688 104.6393395 104.7648093  FFFFFFFFF
104.636 104.5884721 104.7086316  FFFFFFFFF
104.69 104.6272746 104.7277273  FFFFFFFFF
104.71 104.6600303 104.762179  FFFFFFFFF
104.631 104.5830044 104.6797181  FFFFFFFFF
104.631 104.5582897 104.6719978  FFFFFFFFF
