100.240005 0.240001678 3.91400012E-4 1.24332309E-5 4.05457482E-4 6.44266174E-6 3.99014825E-4

100.699997 0.219997406 3.93382157E-4 1.30190492E-5 4.06850741E-4 7.79112634E-6 3.99059616E-4

101.139999 0.220001221 4.04146849E-4 1.31958623E-5 4.08389402E-4 9.28714326E-6 3.99102253E-4

101.580002 0.220001221 4.03715996E-4 1.31888264E-5 4.10173147E-4 1.10284154E-5 3.99144745E-4

102.020004 0.219997406 3.9553651E-4 1.30546505E-5 4.1232683E-4 1.31397965E-5 3.99187033E-4

102.459999 0.220001221 4.08455468E-4 1.32660161E-5 4.14950016E-4 1.57208724E-5 3.99229146E-4

102.900002 0.220001221 4.20088676E-4 1.34536049E-5 4.18790645E-4 1.95195826E-5 3.99271084E-4

103.339996 0.219997406 4.08031658E-4 1.32592477E-5 4.24642611E-4 2.5329764E-5 3.99312848E-4

103.759995 0.200000763 4.51197557E-4 1.4623397E-5 4.34293645E-4 3.4941113E-5 3.99352546E-4

104.18 0.220001221 4.29998472E-4 1.3611364E-5 4.53384651E-4 5.39925786E-5 3.99392069E-4

104.600006 0.200000763 4.65415971E-4 1.48520203E-5 4.95571992E-4 9.61404949E-5 3.99431476E-4

104.980003 0.180000305 4.86060046E-4 1.59988613E-5 5.47203119E-4 1.47736122E-4 3.99466982E-4

105.320007 0.159999847 5.45634131E-4 1.79792551E-5 5.53294027E-4 1.53795394E-4 3.99498647E-4

105.660004 0.17999649 4.96076129E-4 1.61630342E-5 4.9734296E-4 9.78127719E-5 3.99530196E-4

106.039993 0.200000763 4.27026273E-4 1.42263079E-5 4.31410823E-4 3.18454549E-5 3.99565353E-4

106.479996 0.240001678 3.90215137E-4 1.24143971E-5 4.04284598E-4 4.67868767E-6 3.99605924E-4

106.940002 0.220001221 3.94237082E-4 1.30330754E-5 4.0081286E-4 1.16472802E-6 3.99648154E-4

107.400002 0.239997864 3.75607808E-4 1.21799176E-5 4.00722871E-4 1.03267678E-6 3.9969018E-4

107.860001 0.220001221 4.05008584E-4 1.32099231E-5 4.00813675E-4 1.08161839E-6 3.9973206E-4

108.300003 0.219997406 3.91227833E-4 1.29833516E-5 4.00841876E-4 1.06990797E-6 3.99771961E-4

108.759995 0.240001678 3.79946316E-4 1.22499614E-5 4.00920893E-4 1.10741053E-6 3.99813493E-4

109.240005 0.240001678 3.77971563E-4 1.22180854E-5 4.00958786E-4 1.10214205E-6 3.99856654E-4

109.720001 0.239997864 3.87456617E-4 1.23705377E-5 4.01079102E-4 1.1794632E-6 3.9989964E-4

110.199997 0.240001678 3.61778424E-4 1.19534952E-5 4.01160505E-4 1.21809489E-6 3.99942423E-4

110.68 0.239997864 3.75607808E-4 1.21799176E-5 4.01209458E-4 1.2244285E-6 3.99985031E-4

111.160004 0.240001678 3.72442184E-4 1.21283865E-5 4.01302066E-4 1.27460862E-6 4.00027464E-4

111.639999 0.239997864 3.6573378E-4 1.20187578E-5 4.01383877E-4 1.3141721E-6 4.00069723E-4

112.099998 0.220001221 3.93375347E-4 1.30188237E-5 4.01481579E-4 1.37155143E-6 4.00110031E-4

112.559998 0.240001678 3.85080726E-4 1.23324535E-5 4.01691999E-4 1.54180475E-6 4.00150195E-4

113.020004 0.219997406 3.93382157E-4 1.30190492E-5 4.02009027E-4 1.81882535E-6 4.00190213E-4

113.459999 0.220001221 3.95960524E-4 1.30615317E-5 4.02304577E-4 2.07625612E-6 4.00228309E-4

113.919998 0.240001678 3.77576594E-4 1.22116999E-5 4.02286707E-4 2.01870284E-6 4.00268007E-4

114.380005 0.219997406 4.02861246E-4 1.31749721E-5 4.02091915E-4 1.78435403E-6 4.00307559E-4

114.82 0.220001221 3.88205022E-4 1.29329846E-5 4.02117294E-4 1.77206493E-6 4.0034522E-4

115.260002 0.220001221 3.97683965E-4 1.30899271E-5 4.02356149E-4 1.97337067E-6 4.00382763E-4

115.699997 0.219997406 3.88211745E-4 1.29332084E-5 4.02692764E-4 2.27258988E-6 4.00420162E-4

116.139999 0.220001221 4.05870291E-4 1.32239684E-5 4.03263315E-4 2.80588642E-6 4.00457415E-4

116.580002 0.220001221 4.07593732E-4 1.32520154E-5 4.0447322E-4 3.97868052E-6 4.00494522E-4

117.020004 0.219997406 4.03722981E-4 1.31890556E-5 4.0607134E-4 5.5398209E-6 4.00531513E-4

117.459999 0.220001221 4.03715996E-4 1.31888264E-5 4.06740815E-4 6.17246042E-6 4.00568359E-4

117.900002 0.220001221 4.02423408E-4 1.31676961E-5 4.06571256E-4 5.96617292E-6 4.00605088E-4

118.339996 0.219997406 4.19234217E-4 1.34400325E-5 4.07012209E-4 6.3705379E-6 4.00641671E-4

118.779999 0.220001221 3.95960524E-4 1.30615317E-5 4.07261279E-4 6.58318504E-6 4.00678109E-4

119.220001 0.220001221 3.94667935E-4 1.30401959E-5 4.07479267E-4 6.76485752E-6 4.00714431E-4

119.660004 0.219997406 3.97690834E-4 1.30901535E-5 4.0840471E-4 7.65410368E-6 4.00750607E-4

120.099998 0.220001221 4.21812118E-4 1.34811735E-5 4.10388951E-4 9.60229227E-6 4.00786666E-4

120.540001 0.220001221 4.20088676E-4 1.34536049E-5 4.1418543E-4 1.33628391E-5 4.00822581E-4

120.960007 0.200000763 4.36979171E-4 1.4391142E-5 4.21843346E-4 2.09865921E-5 4.00856778E-4

121.360001 0.199996948 4.3983123E-4 1.44381675E-5 4.35261201E-4 3.43719839E-5 4.00889199E-4

121.759995 0.200000763 4.55463101E-4 1.46923576E-5 4.49712679E-4 4.87911238E-5 4.00921534E-4

122.160004 0.200000763 4.62098338E-4 1.47989913E-5 4.44532634E-4 4.35788716E-5 4.00953781E-4

122.580002 0.220001221 4.17503528E-4 1.34121456E-5 4.19785385E-4 1.87978785E-5 4.00987512E-4

123.020004 0.219997406 3.93813039E-4 1.30261778E-5 4.04710328E-4 3.68761198E-6 4.01022728E-4

123.459999 0.220001221 4.14056645E-4 1.33566655E-5 4.02212871E-4 1.15505441E-6 4.01057827E-4

123.919998 0.240001678 3.77971563E-4 1.22180854E-5 4.02148085E-4 1.01770422E-6 4.01130383E-4

124.380005 0.219997406 4.17941628E-4 1.34192969E-5 4.02685342E-4 1.0418479E-6 4.01643483E-4

124.839996 0.240001678 3.86265601E-4 1.23514119E-5 4.03353682E-4 1.05437164E-6 4.02299309E-4

125.300003 0.219997406 4.17941628E-4 1.34192969E-5 4.04091785E-4 1.13797785E-6 4.02953825E-4

125.739998 0.220001221 3.95960524E-4 1.30615317E-5 4.04766557E-4 1.1879747E-6 4.03578597E-4

126.199997 0.240001678 3.72047245E-4 1.21219537E-5 4.05451516E-4 1.2210611E-6 4.04230464E-4

126.660004 0.219997406 3.98121716E-4 1.3097243E-5 4.06194042E-4 1.31302306E-6 4.04881022E-4

127.080002 0.200000763 4.40770731E-4 1.44534415E-5 4.06759791E-4 1.28590671E-6 4.05473867E-4

127.5 0.220001221 3.9983826E-4 1.31253337E-5 4.07447282E-4 1.38167957E-6 4.06065607E-4

127.940002 0.220001221 4.10609762E-4 1.33009544E-5 4.08090389E-4 1.40601469E-6 4.06684354E-4

128.380005 0.220001221 4.03285143E-4 1.31817869E-5 4.08859691E-4 1.55776513E-6 4.07301937E-4

128.820007 0.219993591 4.15794493E-4 1.33848989E-5 4.0956607E-4 1.64776702E-6 4.07918327E-4

129.259995 0.220001221 3.92082758E-4 1.29974169E-5 4.10254113E-4 1.72058424E-6 4.08533524E-4

129.699997 0.220001221 4.14056645E-4 1.33566655E-5 4.10980574E-4 1.83300642E-6 4.09147586E-4

130.139999 0.220001221 4.03715996E-4 1.31888264E-5 4.11730318E-4 1.96987094E-6 4.09760454E-4

130.580002 0.220001221 3.94667935E-4 1.30401959E-5 4.12403635E-4 2.03144191E-6 4.10372188E-4

131.020004 0.220001221 4.11040615E-4 1.33079311E-5 4.13153553E-4 2.17078355E-6 4.10982786E-4

131.459991 0.219993591 3.89511115E-4 1.29549471E-5 4.13898466E-4 2.3062571E-6 4.1159222E-4

131.899994 0.220001221 4.26551589E-4 1.35566988E-5 4.14650887E-4 2.45037882E-6 4.1220049E-4

132.339996 0.220001221 4.18796088E-4 1.34328911E-5 4.15436371E-4 2.62870981E-6 4.12807683E-4

132.779999 0.220001221 4.22673853E-4 1.34949369E-5 4.16217372E-4 2.80365089E-6 4.13413713E-4

133.220001 0.220001221 4.04577702E-4 1.32028945E-5 4.17002622E-4 2.98396185E-6 4.14018636E-4

133.660004 0.220001221 4.01561701E-4 1.31535908E-5 4.1781168E-4 3.18922889E-6 4.14622453E-4

134.100006 0.220001221 4.11471468E-4 1.33149042E-5 4.18642827E-4 3.41766122E-6 4.15225164E-4

134.540009 0.219993591 3.89080233E-4 1.29477794E-5 4.19480784E-4 3.65403162E-6 4.15826769E-4

134.979996 0.220001221 3.91221052E-4 1.29831269E-5 4.20483935E-4 4.05668015E-6 4.16427269E-4

135.419998 0.220001221 3.97253083E-4 1.30828339E-5 4.21406614E-4 4.37995322E-6 4.17026662E-4

135.860001 0.220001221 4.15349205E-4 1.33774975E-5 4.22678509E-4 5.05350999E-6 4.17625008E-4

136.300003 0.220001221 4.18796088E-4 1.34328911E-5 4.24016092E-4 5.79385505E-6 4.18222247E-4

136.740005 0.220001221 4.26551589E-4 1.35566988E-5 4.25784383E-4 6.9659759E-6 4.1881841E-4

137.160004 0.199996948 4.31300025E-4 1.42974568E-5 4.27700114E-4 8.31362195E-6 4.19386488E-4

137.580002 0.220001221 4.20088676E-4 1.34536049E-5 4.29936976E-4 9.98339783E-6 4.19953605E-4

138.020004 0.220001221 4.20519529E-4 1.34605025E-5 4.32703906E-4 1.21572248E-5 4.20546683E-4

138.440002 0.199996948 4.31300025E-4 1.42974568E-5 4.3569511E-4 1.4583311E-5 4.21111792E-4

138.860001 0.220001221 4.30860178E-4 1.36249955E-5 4.38404852E-4 1.67288727E-5 4.2167597E-4

139.279999 0.199996948 4.51680127E-4 1.4631355E-5 4.41469834E-4 1.92306252E-5 4.22239216E-4

139.679993 0.200004578 4.48819279E-4 1.4584667E-5 4.44420642E-4 2.16459248E-5 4.22774727E-4

140.080002 0.199996948 4.29404201E-4 1.42659992E-5 4.47545695E-4 2.42363076E-5 4.23309393E-4

140.479996 0.199996948 4.45044745E-4 1.45234862E-5 4.51056636E-4 2.7213413E-5 4.23843216E-4

140.880005 0.200004578 4.45975631E-4 1.45383901E-5 4.55151137E-4 3.07749542E-5 4.24376194E-4

141.279999 0.199996948 4.35565627E-4 1.43679845E-5 4.59850125E-4 3.49418042E-5 4.24908299E-4

141.679993 0.200004578 4.49293206E-4 1.4592365E-5 4.66043275E-4 4.0603667E-5 4.2543959E-4

142.080002 0.199996948 4.67320671E-4 1.4882522E-5 4.73693624E-4 4.77235699E-5 4.25970036E-4

142.459991 0.180000305 4.82373784E-4 1.59380779E-5 4.84135118E-4 5.76619022E-5 4.26473212E-4

142.820007 0.180000305 5.2450248E-4 1.66194968E-5 4.97507455E-4 7.05582861E-5 4.26949206E-4

143.179993 0.180000305 5.15550142E-4 1.64770536E-5 5.19855879E-4 9.24313499E-5 4.274245E-4

143.519989 0.159996033 5.68160263E-4 1.8346851E-5 5.54325234E-4 1.26452447E-4 4.27872816E-4

143.839996 0.160003662 5.7642709E-4 1.84794044E-5 6.0705631E-4 1.78762115E-4 4.28294181E-4

144.139999 0.13999939 6.35094184E-4 2.07365611E-5 6.62188628E-4 2.33499843E-4 4.28688771E-4

144.419998 0.13999939 7.06863939E-4 2.18768892E-5 6.86798652E-4 2.57742009E-4 4.29056643E-4

144.699997 0.13999939 6.46604458E-4 2.09236277E-5 6.60067133E-4 2.3064304E-4 4.29424079E-4

145 0.160003662 5.63393754E-4 1.82692947E-5 5.81228291E-4 1.51410946E-4 4.29817359E-4

145.360001 0.199996948 4.42674966E-4 1.44847672E-5 4.91290819E-4 6.1002178E-5 4.30288666E-4

145.779999 0.220001221 4.23966412E-4 1.3515556E-5 4.42556047E-4 1.17183472E-5 4.3083771E-4

146.220001 0.220001221 4.05439438E-4 1.3216948E-5 4.32392553E-4 9.80614914E-7 4.31411958E-4

146.660004 0.220001221 4.11902351E-4 1.33218737E-5 4.32026747E-4 4.15057961E-8 4.31985245E-4

147.080002 0.199996948 4.62581113E-4 1.48068611E-5 4.32532484E-4 9.08308317E-10 4.32531582E-4

147.479996 0.199996948 4.30826069E-4 1.42895988E-5 4.33051086E-4 4.26151779E-12 4.33051086E-4

147.880005 0.200004578 4.48819279E-4 1.4584667E-5 4.33569803E-4 2.97111375E-14 4.33569803E-4

148.279999 0.199996948 4.57367598E-4 1.4723184E-5 4.34087735E-4 0 4.34087735E-4

148.679993 0.200004578 4.54506517E-4 1.46767816E-5 4.34605085E-4 1.73030368E-10 4.3460491E-4

149.080002 0.199996948 4.54523863E-4 1.46773409E-5 4.35121299E-4 0 4.35121299E-4

149.479996 0.199996948 4.61159245E-4 1.47840865E-5 4.35636903E-4 0 4.35636903E-4

149.820007 0.140007019 4.40750329E-4 1.72743676E-5 4.36074566E-4 0 4.36074566E-4

