100.220001 0.220001221 3.92409478E-4 1.29868577E-5 4.05256142E-4 6.24307449E-6 3.99013079E-4

100.660004 0.219997406 4.05740371E-4 1.32057248E-5 4.06633364E-4 7.5774451E-6 3.9905592E-4

101.080002 0.200000763 4.27396124E-4 1.42149829E-5 4.08151798E-4 9.0551448E-6 3.99096636E-4

101.5 0.220001221 4.25504259E-4 1.35234122E-5 4.0992882E-4 1.07915976E-5 3.99137207E-4

101.940002 0.220001221 4.16478404E-4 1.33792137E-5 4.11991903E-4 1.28123602E-5 3.99179524E-4

102.380005 0.219997406 4.08749038E-4 1.32545956E-5 4.14636277E-4 1.54145873E-5 3.99221666E-4

102.800003 0.200000763 4.34487854E-4 1.43324323E-5 4.18187759E-4 1.89260136E-5 3.99261742E-4

103.199997 0.200000763 4.51035274E-4 1.4602806E-5 4.23032121E-4 2.37323784E-5 3.99299752E-4

103.600006 0.200000763 4.34960646E-4 1.43402276E-5 4.30687563E-4 3.1349955E-5 3.99337616E-4

104 0.199996948 4.41115233E-4 1.44414644E-5 4.44871053E-4 4.54957226E-5 3.99375334E-4

104.379997 0.180000305 4.74885572E-4 1.57944596E-5 4.72771819E-4 7.33607812E-5 3.99411045E-4

104.739998 0.180000305 4.99575399E-4 1.61998432E-5 5.20750938E-4 1.21306199E-4 3.99444747E-4

105.080002 0.159999847 5.46658295E-4 1.79740146E-5 5.60570625E-4 1.61094111E-4 3.99476499E-4

105.399994 0.159999847 5.3542963E-4 1.77884594E-5 5.44653099E-4 1.45146812E-4 3.99506273E-4

105.739998 0.180000305 5.18486777E-4 1.65036163E-5 4.78574628E-4 7.90368358E-5 3.99537792E-4

106.139999 0.220001221 4.10461158E-4 1.32822115E-5 4.19875898E-4 2.03011186E-5 3.99574783E-4

106.580002 0.220001221 3.97567084E-4 1.30719254E-5 4.02343372E-4 2.72808393E-6 3.99615295E-4

107.040001 0.239997864 3.93991097E-4 1.24590924E-5 4.00777935E-4 1.12045609E-6 3.99657496E-4

107.5 0.220001221 4.03154525E-4 1.31634615E-5 4.00753168E-4 1.05368815E-6 3.99699493E-4

107.940002 0.220001221 3.95847892E-4 1.3043631E-5 4.00863675E-4 1.12416546E-6 3.99739511E-4

108.380005 0.219997406 3.94565315E-4 1.30225962E-5 4.00915917E-4 1.13654312E-6 3.99779383E-4

108.82 0.220001221 3.95847892E-4 1.3043631E-5 4.00980498E-4 1.16140279E-6 3.9981908E-4

109.260002 0.220001221 3.97137308E-4 1.30648577E-5 4.01036988E-4 1.17834702E-6 3.99858633E-4

109.720001 0.239997864 3.86505271E-4 1.23401633E-5 4.01095487E-4 1.19568176E-6 3.99899815E-4

110.18 0.220001221 3.89400841E-4 1.29369764E-5 4.01200989E-4 1.26015334E-6 3.99940822E-4

110.639999 0.239997864 3.84141342E-4 1.23023683E-5 4.01271333E-4 1.28968031E-6 3.99981654E-4

111.080002 0.200000763 4.28341678E-4 1.4230699E-5 4.01320198E-4 1.29961336E-6 4.00020595E-4

111.5 0.220001221 3.98426695E-4 1.30860499E-5 4.01400845E-4 1.34326979E-6 4.00057586E-4

111.940002 0.220001221 4.09171771E-4 1.32613332E-5 4.01538331E-4 1.44210867E-6 4.00096207E-4

112.380005 0.219997406 3.88977787E-4 1.29300597E-5 4.01678059E-4 1.54336794E-6 4.00134682E-4

112.82 0.220001221 3.94558476E-4 1.30223707E-5 4.01930098E-4 1.75709295E-6 4.00173012E-4

113.260002 0.220001221 4.01005527E-4 1.31283314E-5 4.02228441E-4 2.01724174E-6 4.00211196E-4

113.699997 0.219997406 4.0316151E-4 1.31636898E-5 4.02417703E-4 2.16846865E-6 4.00249235E-4

114.139999 0.220001221 3.94988281E-4 1.30294611E-5 4.02201636E-4 1.91449476E-6 4.00287128E-4

114.580002 0.220001221 3.88111454E-4 1.29155405E-5 4.02115023E-4 1.79015126E-6 4.00324876E-4

115.040001 0.239997864 3.75079544E-4 1.21563971E-5 4.02240432E-4 1.87623675E-6 4.00364195E-4

115.5 0.220001221 4.05303552E-4 1.31984989E-5 4.0252271E-4 2.11934275E-6 4.00403369E-4

115.940002 0.220001221 3.91120062E-4 1.29655036E-5 4.02970385E-4 2.52970153E-6 4.0044068E-4

116.380005 0.219997406 4.16055816E-4 1.33725398E-5 4.03881713E-4 3.40384076E-6 4.00477875E-4

116.800003 0.200000763 4.26923332E-4 1.42071185E-5 4.05448576E-4 4.93535208E-6 4.00513236E-4

117.220001 0.220001221 4.20346623E-4 1.3441203E-5 4.06548177E-4 5.99969644E-6 4.00548481E-4

117.660004 0.219997406 4.17775038E-4 1.34001411E-5 4.06613923E-4 6.0286784E-6 4.00585239E-4

118.099998 0.220001221 3.95418087E-4 1.30365479E-5 4.0676404E-4 6.14212377E-6 4.0062191E-4

118.540001 0.220001221 4.01005527E-4 1.31283314E-5 4.07239684E-4 6.58125737E-6 4.00658435E-4

118.979996 0.219997406 4.01012483E-4 1.31285587E-5 4.07475221E-4 6.7804167E-6 4.00694815E-4

119.419998 0.220001221 4.19916818E-4 1.3434329E-5 4.07867017E-4 7.13595955E-6 4.00731078E-4

119.860001 0.220001221 4.01865109E-4 1.31423949E-5 4.09483939E-4 8.71674183E-6 4.00767196E-4

120.279999 0.200000763 4.28341678E-4 1.4230699E-5 4.12026449E-4 1.12248817E-5 4.00801568E-4

120.699997 0.219997406 4.21643344E-4 1.34620359E-5 4.17247269E-4 1.64114499E-5 4.00835794E-4

121.119995 0.200000763 4.3117837E-4 1.42777426E-5 4.27660532E-4 2.67905907E-5 4.00869932E-4

121.520004 0.200000763 4.58599825E-4 1.47247529E-5 4.43819066E-4 4.29167194E-5 4.00902325E-4

121.919998 0.200000763 4.46780236E-4 1.45337617E-5 4.51927073E-4 5.0992443E-5 4.0093463E-4

122.339996 0.219997406 4.27660678E-4 1.35577548E-5 4.33712237E-4 3.27438065E-5 4.0096842E-4

122.759995 0.200000763 4.56708687E-4 1.46943612E-5 4.10625624E-4 9.62349895E-6 4.01002122E-4

123.18 0.220001221 3.95847892E-4 1.3043631E-5 4.02981823E-4 1.94612812E-6 4.01035679E-4

123.619995 0.219997406 3.97144177E-4 1.30650842E-5 4.02116129E-4 1.04539197E-6 4.01070749E-4

124.059998 0.220001221 4.0358433E-4 1.31704764E-5 4.0229829E-4 1.07235905E-6 4.01225931E-4

124.5 0.220001221 4.05733328E-4 1.32054956E-5 4.02869715E-4 1.0548157E-6 4.01814876E-4

124.940002 0.220001221 3.88111454E-4 1.29155405E-5 4.03592072E-4 1.15017178E-6 4.02441918E-4

125.380005 0.219997406 4.10898094E-4 1.32893938E-5 4.04263294E-4 1.19559343E-6 4.03067679E-4

125.82 0.220001221 4.19487013E-4 1.34274524E-5 4.04967548E-4 1.27530939E-6 4.03692247E-4

126.260002 0.220001221 4.01435304E-4 1.31353645E-5 4.05618979E-4 1.30338503E-6 4.04315593E-4

126.720001 0.239997864 3.86899279E-4 1.23464515E-5 4.06356587E-4 1.39062161E-6 4.04965976E-4

127.18 0.220001221 4.16908209E-4 1.33861158E-5 4.07056825E-4 1.44178421E-6 4.0561505E-4

127.619995 0.219997406 4.17775038E-4 1.34001411E-5 4.07750864E-4 1.51619724E-6 4.06234671E-4

128.059998 0.220001221 4.16908209E-4 1.33861158E-5 4.08480613E-4 1.62750837E-6 4.06853098E-4

128.5 0.220001221 4.10890963E-4 1.32891637E-5 4.09167871E-4 1.69754219E-6 4.07470332E-4

128.940002 0.220001221 4.22495621E-4 1.34755173E-5 4.09860542E-4 1.77412426E-6 4.08086402E-4

129.380005 0.220001221 3.99716111E-4 1.31072075E-5 4.10605309E-4 1.90400328E-6 4.08701308E-4

129.820007 0.219993591 4.20361204E-4 1.34416687E-5 4.11300192E-4 1.98515841E-6 4.0931502E-4

130.279999 0.240005493 3.85311054E-4 1.23208893E-5 4.12075111E-4 2.11969541E-6 4.09955421E-4

130.740005 0.220001221 3.88541259E-4 1.29226901E-5 4.128773E-4 2.28273484E-6 4.10594541E-4

131.179993 0.219993591 4.10905224E-4 1.32896248E-5 4.13639704E-4 2.43498039E-6 4.11204703E-4

131.619995 0.220001221 4.07882355E-4 1.32404211E-5 4.14292852E-4 2.47912703E-6 4.11813729E-4

132.059998 0.220001221 4.10890963E-4 1.32891637E-5 4.15098271E-4 2.67663654E-6 4.12421621E-4

132.5 0.220001221 4.16478404E-4 1.33792137E-5 4.15915914E-4 2.88752926E-6 4.13028378E-4

132.919998 0.199996948 4.3213219E-4 1.42936624E-5 4.16659605E-4 3.05308572E-6 4.13606525E-4

133.339996 0.220001221 4.24644648E-4 1.35097462E-5 4.17434407E-4 3.25077463E-6 4.14183625E-4

133.76001 0.200004578 4.25969629E-4 1.41911059E-5 4.18110692E-4 3.35095274E-6 4.14759736E-4

134.160004 0.199996948 4.2929544E-4 1.42466697E-5 4.18980548E-4 3.67308394E-6 4.1530747E-4

134.580002 0.220001221 4.08741966E-4 1.32543664E-5 4.19704855E-4 3.82326698E-6 4.15881601E-4

135.020004 0.220001221 4.06163133E-4 1.32124878E-5 4.20641591E-4 4.15959767E-6 4.16482013E-4

135.459991 0.219993591 4.1993137E-4 1.34347947E-5 4.21741337E-4 4.66002666E-6 4.17081319E-4

135.880005 0.200004578 4.38261777E-4 1.43944053E-5 4.22754092E-4 5.10172504E-6 4.17652365E-4

136.279999 0.199996948 4.41588025E-4 1.44492024E-5 4.23871214E-4 5.67588495E-6 4.18195326E-4

136.679993 0.200004578 4.29751846E-4 1.42539684E-5 4.25354287E-4 6.61688682E-6 4.18737385E-4

137.080002 0.199996948 4.54353431E-4 1.46565626E-5 4.27034596E-4 7.75602985E-6 4.19278571E-4

137.479996 0.199996948 4.26931481E-4 1.42073895E-5 4.29284555E-4 9.46569435E-6 4.19818854E-4

137.899994 0.220001221 4.16478404E-4 1.33792137E-5 4.31871536E-4 1.14863224E-5 4.20385215E-4

138.320007 0.200004578 4.38261777E-4 1.43944053E-5 4.34723072E-4 1.37724419E-5 4.20950644E-4

138.740005 0.220001221 4.22065816E-4 1.34686616E-5 4.37864772E-4 1.63496825E-5 4.21515084E-4

139.160004 0.199996948 4.47261555E-4 1.45417271E-5 4.41062177E-4 1.898357E-5 4.22078592E-4

139.559998 0.199996948 4.69955587E-4 1.49060861E-5 4.44083125E-4 2.14687443E-5 4.22614365E-4

139.959991 0.200004578 4.51499451E-4 1.46101793E-5 4.47070604E-4 2.39212968E-5 4.23149293E-4

140.360001 0.199996948 4.30713815E-4 1.42701856E-5 4.50557709E-4 2.68743352E-5 4.23683377E-4

140.779999 0.220001221 4.14329377E-4 1.33446511E-5 4.54927474E-4 3.06842376E-5 4.24243219E-4

141.199997 0.199996948 4.41115233E-4 1.44414644E-5 4.59830742E-4 3.50285918E-5 4.24802158E-4

141.579987 0.180000305 4.74360277E-4 1.57857212E-5 4.65622492E-4 4.0315419E-5 4.2530708E-4

141.959991 0.200004578 4.53863322E-4 1.46483762E-5 4.72446001E-4 4.66347992E-5 4.25811217E-4

142.360001 0.199996948 4.6806442E-4 1.48760637E-5 4.83200623E-4 5.68595351E-5 4.26341081E-4

142.73999 0.180000305 5.1533489E-4 1.64533776E-5 4.96729044E-4 6.98853255E-5 4.26843704E-4

143.100006 0.180000305 5.15860214E-4 1.64617613E-5 5.17472159E-4 9.01529784E-5 4.27319144E-4

143.440002 0.160003662 5.79148531E-4 1.85002209E-5 5.51142963E-4 1.23375357E-4 4.27767605E-4

143.76001 0.159996033 6.12862932E-4 1.90315404E-5 6.017384E-4 1.73549284E-4 4.28189116E-4

144.059998 0.13999939 6.81488949E-4 2.14542451E-5 6.59931044E-4 2.31347236E-4 4.28583822E-4

144.339996 0.13999939 6.9702341E-4 2.16973895E-5 6.9466501E-4 2.65713257E-4 4.28951782E-4

144.619995 0.13999939 6.80138124E-4 2.14329721E-5 6.76540891E-4 2.47221556E-4 4.29319363E-4

144.899994 0.13999939 6.22728257E-4 2.05084634E-5 6.07866561E-4 1.78180038E-4 4.29686537E-4

145.220001 0.180000305 5.18486777E-4 1.65036163E-5 5.17503941E-4 8.73982499E-5 4.30105662E-4

145.600006 0.200004578 4.28806292E-4 1.42382787E-5 4.53905901E-4 2.33031642E-5 4.30602726E-4

146 0.199996948 4.25513106E-4 1.418377E-5 4.34218819E-4 3.09363577E-6 4.31125169E-4

146.419998 0.220001221 4.20776429E-4 1.34480724E-5 4.31891938E-4 2.19067999E-7 4.31672874E-4

146.839996 0.199996948 4.36860108E-4 1.43716425E-5 4.32228117E-4 8.40575787E-9 4.32219706E-4

147.259995 0.220001221 4.11750574E-4 1.33030571E-5 4.32766188E-4 5.40984535E-10 4.32765664E-4

147.679993 0.200004578 4.41571203E-4 1.44486512E-5 4.33310779E-4 6.70082392E-12 4.3331075E-4

148.080002 0.199996948 4.41588025E-4 1.44492024E-5 4.33829089E-4 5.83848155E-14 4.33829089E-4

148.479996 0.199996948 4.41588025E-4 1.44492024E-5 4.34346643E-4 0 4.34346643E-4

148.880005 0.200004578 4.30697371E-4 1.42696408E-5 4.3486341E-4 0 4.3486341E-4

149.279999 0.199996948 4.54353431E-4 1.46565626E-5 4.35379421E-4 0 4.35379421E-4

149.679993 0.200004578 4.6190049E-4 1.47775054E-5 4.35894646E-4 0 4.35894646E-4

149.920013 4.00009155E-2 3.99494282E-4 3.07303308E-5 4.36203438E-4 0 4.36203438E-4

